   32   32
    0    0    0    0    0    0    0    0    0    0    0    0    0    0    0    0    0    0    0    0    0    0    0    0    0    0    0    0    0    0    0    0    0    0    0    0    0    0    0    0    0    0    0    0    0    0    0    0    0    0    0    0  253  249  246  255  253  249  246  255  253  249  246  255    0    0    0    0    0    0    0    0    0    0    0    0    0    0    0    0    0    0    0    0    0    0    0    0    0    0    0    0    0    0    0    0    0    0    0    0    0    0    0    0    0    0    0    0    0    0    0    0    0    0    0    0    0    0    0    0    0    0    0    0    0    0    0    0
    0    0    0    0    0    0    0    0    0    0    0    0    0    0    0    0    0    0    0    0    0    0    0    0    0    0    0    0    0    0    0    0    0    0    0    0    0    0    0    0    0    0    0    0  249  246  243  255  227  226  229  255  198  203  214  255  185  194  218  255  185  194  218  255  198  203  214  255  222  220  220  255  239  238  237  255  239  238  237  255  239  238  237  255    0    0    0    0    0    0    0    0    0    0    0    0    0    0    0    0    0    0    0    0    0    0    0    0    0    0    0    0    0    0    0    0    0    0    0    0    0    0    0    0    0    0    0    0
    0    0    0    0    0    0    0    0    0    0    0    0    0    0    0    0    0    0    0    0    0    0    0    0    0    0    0    0    0    0    0    0    0    0    0    0  227  226  229  255  139  166  216  255   75  121  209  255   31   92  207  255    7   81  206  255    6   74  205  255    6   74  205  255    7   73  190  255   35   82  174  255   76  112  176  255  138  156  187  255  213  213  214  255  239  238  237  255  227  226  229  255    0    0    0    0    0    0    0    0    0    0    0    0    0    0    0    0    0    0    0    0    0    0    0    0    0    0    0    0    0    0    0    0    0    0    0    0
    0    0    0    0    0    0    0    0    0    0    0    0    0    0    0    0    0    0    0    0    0    0    0    0    0    0    0    0  231  228  231  255  125  158  228  255   22   95  230  255    0   82  242  255    0   82  242  255    0   82  242  255    7   92  246  255    7   90  238  255    7   88  230  255    2   83  222  255    0   76  204  255    1   69  192  255    0   56  166  255   31   72  141  255  115  130  171  255  213  213  214  255  231  228  231  255    0    0    0    0    0    0    0    0    0    0    0    0    0    0    0    0    0    0    0    0    0    0    0    0    0    0    0    0    0    0    0    0
    0    0    0    0    0    0    0    0    0    0    0    0    0    0    0    0    0    0    0    0    0    0    0    0  185  194  218  255   49  110  225  255    0   82  242  255    0   92  253  255    8   99  255  255    8   99  255  255    8   99  255  255    8   99  255  255    7   96  249  255    7   90  238  255    7   90  238  255    7   83  223  255    7   83  223  255    6   74  205  255    3   66  181  255    1   52  141  255   38   75  138  255  180  181  189  255  231  228  231  255    0    0    0    0    0    0    0    0    0    0    0    0    0    0    0    0    0    0    0    0    0    0    0    0    0    0    0    0
    0    0    0    0    0    0    0    0    0    0    0    0    0    0    0    0    0    0    0    0  150  176  230  255    7   90  238  255    0   92  253  255    8   99  255  255    8   99  255  255    8   99  255  255    8   99  255  255    8   99  255  255    8   99  255  255    8   99  255  255    8   99  255  255    7   92  246  255    7   88  230  255    7   83  223  255    7   81  206  255    6   74  196  255    5   70  176  255    0   51  153  255    5   48  114  255  157  162  175  255  227  226  229  255    0    0    0    0    0    0    0    0    0    0    0    0    0    0    0    0    0    0    0    0    0    0    0    0
    0    0    0    0    0    0    0    0    0    0    0    0    0    0    0    0  150  176  230  255    0   82  242  255    8   99  255  255    8   99  255  255    9  108  254  255    9  108  254  255    9  108  254  255    9  108  254  255    8   99  255  255    8   99  255  255    8   99  255  255    8   99  255  255    7   92  246  255    7   90  238  255    7   88  230  255    1   81  216  255    6   74  196  255    6   74  196  255    3   63  165  255    1   52  141  255   14   43   96  255  157  162  175  255  222  220  220  255    0    0    0    0    0    0    0    0    0    0    0    0    0    0    0    0    0    0    0    0
    0    0    0    0    0    0    0    0    0    0    0    0  191  203  231  255    7   90  238  255    8   99  255  255    9  108  254  255    9  108  254  255    9  108  254  255    9  108  254  255    9  108  254  255    9  108  254  255    9  108  254  255    9  108  254  255    9  108  254  255    8   99  255  255    7   96  249  255    7   90  238  255    7   90  238  255    1   81  216  255    7   81  206  255    6   74  196  255    5   70  176  255    3   63  165  255    3   46  123  255   23   52  106  255  189  189  192  255  222  220  220  255    0    0    0    0    0    0    0    0    0    0    0    0    0    0    0    0
    0    0    0    0    0    0    0    0  249  246  243  255   49  110  225  255    0   92  253  255    9  108  254  255    9  108  254  255    9  108  254  255    9  108  254  255    9  108  254  255   16  117  254  255   23  124  255  255   23  124  255  255   23  124  255  255   17  106  254  255   17  106  254  255    7   96  249  255    7   96  249  255    3   87  231  255    2   83  222  255    7   81  206  255    6   74  196  255    3   66  181  255    3   63  165  255    6   57  140  255    0   32   97  255   77   90  115  255  213  213  214  255    0    0    0    0    0    0    0    0    0    0    0    0    0    0    0    0
    0    0    0    0    0    0    0    0  150  176  230  255    0   82  242  255    8   99  255  255    9  108  254  255    9  108  254  255    9  108  254  255    9  108  254  255   23  124  255  255   33  133  254  255   39  137  255  255   39  137  255  255   39  137  255  255   23  124  255  255   17  106  254  255    8   99  255  255    7   92  246  255    3   87  231  255    2   83  222  255    6   74  205  255    2   73  198  255    3   66  181  255    3   63  165  255    6   57  140  255    3   46  123  255    0   27   81  255  158  161  167  255  213  213  214  255    0    0    0    0    0    0    0    0    0    0    0    0
    0    0    0    0  249  246  243  255   49  110  225  255    0   92  253  255    8   99  255  255    8   99  255  255    8   99  255  255   16  117  254  255   23  124  255  255   39  137  255  255   51  153  255  255   65  162  255  255   65  162  255  255   51  153  255  255   39  137  255  255   27  114  255  255   15  100  252  255    7   92  246  255    3   87  231  255    2   83  222  255    7   81  206  255    6   74  196  255    3   66  181  255    3   63  165  255    6   57  140  255    3   46  123  255    0   27   81  255   79   90  107  255  213  213  214  255    0    0    0    0    0    0    0    0    0    0    0    0
    0    0    0    0  191  203  231  255    3   87  231  255    8   99  255  255    8   99  255  255    8   99  255  255    9  108  254  255   16  117  254  255   33  133  254  255   51  153  255  255   73  169  255  255   81  181  255  255   81  181  255  255   65  162  255  255   48  140  254  255   32  125  255  255   17  106  254  255    7   92  246  255    3   87  231  255    1   81  216  255    7   81  206  255    6   74  196  255    3   66  181  255    3   63  165  255    8   60  148  255    4   49  131  255    0   39  111  255   15   38   76  255  181  181  182  255  213  213  214  255    0    0    0    0    0    0    0    0
    0    0    0    0  125  158  228  255    0   82  242  255    7   96  249  255    7   96  249  255    7   96  249  255    9  108  254  255   16  117  254  255   39  137  255  255   65  162  255  255   81  181  255  255   88  188  255  255   88  188  255  255   73  169  255  255   51  153  255  255   32  125  255  255   17  106  254  255    7   92  246  255    3   87  231  255    1   81  216  255    6   74  205  255    3   72  190  255    3   66  181  255    3   63  165  255    6   57  140  255    4   49  131  255    5   48  114  255    0   27   81  255  123  124  132  255  204  204  204  255  204  204  204  255    0    0    0    0
    0    0    0    0   75  121  209  255    0   82  242  255    7   96  249  255    7   96  249  255    8   99  255  255    9  108  254  255   23  124  255  255   39  137  255  255   65  162  255  255   81  181  255  255   88  188  255  255   88  188  255  255   73  169  255  255   48  140  254  255   32  125  255  255   15  100  252  255    7   90  238  255    2   83  222  255    2   83  222  255    2   73  198  255    3   72  190  255    3   65  173  255    3   63  165  255    6   57  140  255    4   49  131  255    5   48  114  255    0   27   81  255   79   90  107  255  189  189  192  255  204  204  204  255    0    0    0    0
  249  246  243  255   64  112  203  255    0   82  242  255    7   96  249  255    7   96  249  255    8   99  255  255    8   99  255  255   16  117  254  255   33  133  254  255   51  153  255  255   65  162  255  255   73  169  255  255   73  169  255  255   51  153  255  255   39  137  255  255   27  114  255  255    7   92  246  255    7   88  230  255    1   81  216  255    1   81  216  255    6   74  196  255    3   66  181  255    3   65  173  255    3   58  155  255    1   52  141  255    4   49  131  255    5   48  114  255    5   32   87  255   51   62   86  255  165  165  167  255  196  197  198  255    0    0    0    0
  239  238  237  255   64  112  203  255    3   87  231  255    7   92  246  255    8   99  255  255    8   99  255  255    8   99  255  255    9  108  254  255   27  114  255  255   33  133  254  255   48  140  254  255   48  140  254  255   48  140  254  255   32  125  255  255   27  114  255  255   15  100  252  255    7   90  238  255    7   83  223  255    1   81  216  255    0   76  204  255    3   72  190  255    3   66  181  255    3   63  165  255    3   58  155  255    6   57  140  255    4   49  131  255    5   48  114  255    5   32   87  255   45   57   86  255  140  140  141  255  181  181  182  255    0    0    0    0
  249  246  243  255   64  112  203  255    0   78  227  255    7   90  238  255    7   96  249  255    8   99  255  255    8   99  255  255    8   99  255  255   17  106  254  255   17  106  254  255   23  124  255  255   23  124  255  255   23  124  255  255   17  106  254  255   15  100  252  255    7   90  238  255    2   83  222  255    2   83  222  255    7   81  206  255    6   74  196  255    3   72  190  255    3   65  173  255    3   63  165  255    3   58  155  255    1   52  141  255    1   52  141  255    5   48  114  255    5   32   87  255   51   62   86  255  137  135  134  255  165  165  167  255  189  189  192  255
  249  246  243  255   76  112  176  255    1   81  216  255    7   88  230  255    7   92  246  255    7   92  246  255    7   92  246  255    7   92  246  255    8   99  255  255   15  100  252  255   15  100  252  255   15  100  252  255   15  100  252  255    7   92  246  255    7   90  238  255    2   83  222  255    2   83  222  255    0   76  204  255    2   73  198  255    3   72  190  255    3   66  181  255    3   65  173  255    3   58  155  255    3   58  155  255    6   57  140  255    4   49  131  255    5   48  114  255    5   32   87  255   51   62   86  255  137  135  134  255  153  153  153  255  189  189  192  255
  253  249  246  255  123  141  181  255    1   69  192  255    7   83  223  255    7   88  230  255    7   88  230  255    7   90  238  255    7   92  246  255    7   92  246  255    7   92  246  255    7   92  246  255    7   92  246  255    7   90  238  255    3   87  231  255    2   83  222  255    1   81  216  255    0   76  204  255    0   76  204  255    3   72  190  255    3   66  181  255    3   65  173  255    3   63  165  255    3   58  155  255    3   58  155  255    6   57  140  255    6   57  140  255   13   48  108  255    5   32   87  255   79   90  107  255  137  135  134  255  140  140  141  255  181  181  182  255
  249  246  243  255  168  182  207  255    3   65  173  255    7   81  206  255    7   83  223  255    7   83  223  255    7   88  230  255    3   87  231  255    3   87  231  255    3   87  231  255    3   87  231  255    3   87  231  255    3   87  231  255    2   83  222  255    2   83  222  255    0   76  204  255    2   73  198  255    3   72  190  255    3   72  190  255    3   66  181  255    3   63  165  255    3   63  165  255    3   58  155  255    8   60  148  255   15   60  138  255   14   58  130  255   13   48  108  255   15   42   87  255  100  110  126  255  132  133  132  255  140  140  141  255  173  173  175  255
    0    0    0    0  227  226  229  255   35   82  174  255    1   69  192  255    7   81  206  255    7   81  206  255    7   83  223  255    2   83  222  255    2   83  222  255    2   83  222  255    2   83  222  255    2   83  222  255    2   83  222  255    0   76  204  255    0   76  204  255    2   73  198  255    3   72  190  255    3   66  181  255    3   66  181  255    3   65  173  255    3   63  165  255    3   63  165  255    9   64  156  255    9   64  156  255   15   60  138  255   32   68  127  255   13   48  108  255   45   57   86  255  132  133  132  255  129  127  127  255  140  140  141  255  173  173  175  255
    0    0    0    0  249  246  243  255  123  141  181  255    0   56  166  255    7   73  190  255    7   73  190  255    7   81  206  255    7   81  206  255    7   81  206  255    7   81  206  255    7   81  206  255    7   81  206  255    7   81  206  255    2   73  198  255    3   72  190  255    3   72  190  255    3   66  181  255    3   65  173  255    3   65  173  255    3   63  165  255    3   63  165  255    9   64  156  255    9   64  156  255   25   73  155  255   31   72  141  255   32   68  127  255   14   43   96  255   87   98  121  255  132  133  132  255  129  127  127  255  140  140  141  255  173  173  175  255
    0    0    0    0  239  238  237  255  222  220  220  255   33   76  150  255    0   56  166  255    3   66  181  255    7   73  190  255    6   74  196  255    6   74  196  255    6   74  196  255    6   74  196  255    6   74  196  255    3   72  190  255    3   72  190  255    3   66  181  255    3   66  181  255    3   65  173  255    3   63  165  255    3   63  165  255    3   63  165  255    9   64  156  255   16   67  154  255   25   73  155  255   33   76  150  255   38   75  138  255   14   54  117  255   45   65  106  255  129  127  127  255  129  127  127  255  125  125  125  255  140  140  141  255  173  173  175  255
    0    0    0    0  227  226  229  255  239  238  237  255  157  162  175  255    4   49  131  255    3   63  165  255    5   70  176  255    5   70  176  255    3   66  181  255    3   66  181  255    3   66  181  255    3   66  181  255    3   65  173  255    3   65  173  255    3   65  173  255    3   63  165  255    3   63  165  255    3   63  165  255    3   63  165  255    9   64  156  255   16   67  154  255   25   73  155  255   33   80  159  255   44   82  149  255   32   68  127  255   23   52  106  255  112  118  126  255  132  133  132  255  129  127  127  255  129  127  127  255  153  153  153  255  181  181  182  255
    0    0    0    0    0    0    0    0  227  226  229  255  239  238  237  255  115  130  171  255    0   37  121  255    3   58  155  255    9   64  156  255    3   63  165  255    3   63  165  255    3   63  165  255    3   63  165  255    3   63  165  255    3   63  165  255    3   63  165  255    3   63  165  255    3   58  155  255    3   58  155  255    9   64  156  255   16   67  154  255   25   73  155  255   33   76  150  255   44   82  149  255   31   72  141  255   23   52  106  255   87   98  121  255  132  133  132  255  129  127  127  255  129  127  127  255  129  127  127  255  165  165  167  255  180  181  189  255
    0    0    0    0    0    0    0    0    0    0    0    0  227  226  229  255  227  226  229  255  106  119  147  255    0   39  111  255    1   52  141  255    6   57  140  255    6   57  140  255    6   57  140  255    6   57  140  255    6   57  140  255    8   60  148  255    8   60  148  255    8   60  148  255    8   60  148  255    8   60  148  255    8   60  148  255   25   73  155  255   33   76  150  255   38   75  138  255   32   68  127  255   26   55  109  255   87   98  121  255  132  133  132  255  129  127  127  255  129  127  127  255  129  127  127  255  153  153  153  255  181  181  182  255  181  181  182  255
    0    0    0    0    0    0    0    0    0    0    0    0    0    0    0    0  227  226  229  255  227  226  229  255  132  141  159  255   14   43   96  255    0   39  111  255    4   49  131  255    4   49  131  255    4   49  131  255    4   49  131  255    4   49  131  255    4   49  131  255    6   57  140  255    6   57  140  255   15   60  138  255   15   60  138  255   31   72  141  255   31   72  141  255   14   54  117  255   33   63  111  255  100  110  126  255  132  133  132  255  129  127  127  255  129  127  127  255  129  127  127  255  140  140  141  255  173  173  175  255  189  189  192  255  189  189  192  255
    0    0    0    0    0    0    0    0    0    0    0    0    0    0    0    0    0    0    0    0  222  220  220  255  231  228  231  255  180  181  189  255   77   90  115  255    5   32   87  255    0   32   97  255    0   39  111  255    3   46  123  255    3   46  123  255    3   46  123  255    3   46  123  255   14   54  117  255   14   54  117  255   14   54  117  255   13   48  108  255   23   52  106  255   66   85  119  255  123  124  132  255  135  134  137  255  129  127  127  255  129  127  127  255  129  127  127  255  135  134  137  255  165  165  167  255  189  189  192  255    0    0    0    0    0    0    0    0
    0    0    0    0    0    0    0    0    0    0    0    0    0    0    0    0    0    0    0    0    0    0    0    0    0    0    0    0  222  220  220  255  222  220  220  255  173  173  175  255  100  110  126  255   45   65  106  255   15   42   87  255    5   32   87  255    5   32   87  255    5   32   87  255    5   32   87  255   14   43   96  255   45   65  106  255   77   90  115  255  112  118  126  255  137  135  134  255  132  133  132  255  129  127  127  255  129  127  127  255  129  127  127  255  135  134  137  255  165  165  167  255  189  189  192  255  189  189  192  255    0    0    0    0    0    0    0    0
    0    0    0    0    0    0    0    0    0    0    0    0    0    0    0    0    0    0    0    0    0    0    0    0    0    0    0    0    0    0    0    0  213  213  214  255  222  220  220  255  222  220  220  255  204  204  204  255  180  181  189  255  158  161  167  255  137  142  154  255  123  124  132  255  112  118  126  255  112  118  126  255  132  133  132  255  132  133  132  255  132  133  132  255  129  127  127  255  129  127  127  255  129  127  127  255  135  134  137  255  153  153  153  255  173  173  175  255  180  181  189  255    0    0    0    0    0    0    0    0    0    0    0    0    0    0    0    0
    0    0    0    0    0    0    0    0    0    0    0    0    0    0    0    0    0    0    0    0    0    0    0    0    0    0    0    0    0    0    0    0    0    0    0    0    0    0    0    0    0    0    0    0  213  213  214  255  213  213  214  255  213  213  214  255  204  204  204  255  189  189  192  255  173  173  175  255  165  165  167  255  153  153  153  255  140  140  141  255  140  140  141  255  140  140  141  255  153  153  153  255  158  161  167  255  173  173  175  255  180  181  189  255  189  189  192  255  189  189  192  255    0    0    0    0    0    0    0    0    0    0    0    0    0    0    0    0
    0    0    0    0    0    0    0    0    0    0    0    0    0    0    0    0    0    0    0    0    0    0    0    0    0    0    0    0    0    0    0    0    0    0    0    0    0    0    0    0    0    0    0    0    0    0    0    0    0    0    0    0  204  204  204  255  204  204  204  255  204  204  204  255  204  204  204  255  196  197  198  255  189  189  192  255  189  189  192  255  189  189  192  255  189  189  192  255  189  189  192  255  189  189  192  255  189  189  192  255    0    0    0    0    0    0    0    0    0    0    0    0    0    0    0    0    0    0    0    0    0    0    0    0    0    0    0    0
