   32   32
    0    0    0    0    0    0    0    2  244  189   63  114  253  196   65  212  225  175   57   51    0    0    0    1    0    0    0    0    0    0    0    0    0    0    0    0    0    0    0    0    0    0    0    0    0    0    0    0    0    0    0    0    0    0    0    0    0    0    0    0    0    0    0    0    0    0    0    0    0    0    0    0    0    0    0    0    0    0    0    0    0    0    0    0    0    0    0    0    0    0    0    0    0    0    0    0    0    0    0    0    0    0    0    0    0    0    0    0    0    0    0    0    0    0    0    0    0    0    0    0    0    0    0    0    0    0    0    0
    0    0    0    0    0    0    0    8  228  150   36  141  253  162   37  246  153   89   15   45    0    0    0    7  251  206   73  182  228  187   66   56  230  184   63   60  254  205   71  233  247  202   73  161    0    0    0    3    0    0    0    0    0    0    0    0    0    0    0    0    0    0    0    0    0    0    0    0    0    0    0    0    0    0    0    0    0    0    0    0    0    0    0    0    0    0    0    0    0    0    0    0    0    0    0    0    0    0    0    0    0    0    0    0    0    0    0    0    0    0    0    0    0    0    0    0    0    0    0    0    0    0    0    0    0    0    0    0
    0    0    0    0    0    0    0    8    0    0    0   31    0    0    0   46  254  204   70  247  255  186   59  255  255  152   38  255  249  193   63  222  252  195   65  234  125   98   32   63    0    0    0   24    0    0    0    7    0    0    0    0    0    0    0    0    0    0    0    0    0    0    0    0    0    0    0    0    0    0    0    0    0    0    0    0    0    0    0    0    0    0    0    0    0    0    0    0    0    0    0    0    0    0    0    0    0    0    0    0    0    0    0    0    0    0    0    0    0    0    0    0    0    0    0    0    0    0    0    0    0    0    0    0    0    0    0    0
    0    0    0    0    0    0    0    6  243  185   60  175  255  192   61  255  248  155   41  235  255  179   54  255  255  129   19  255  255  183   53  255  241  174   52  212  194  140   42  101    0    0    0   15    0    0    0    3    0    0    0    0    0    0    0    0    0    0    0    0    0    0    0    0    0    0    0    0    0    0    0    0    0    0    0    0    0    0    0    0    0    0    0    0    0    0    0    0    0    0    0    0    0    0    0    0    0    0    0    0    0    0    0    0    0    0    0    0    0    0    0    0    0    0    0    0    0    0    0    0    0    0    0    0    0    0    0    0
    0    0    0    0    0    0    0    7    0    0    0   28  189  133   37  132  255  151   34  255  255  151   31  255  255  150   27  255  255  170   43  255  246  169   44  233  201  136   34  100    0    0    0    6    0    0    0    0    0    0    0    0    0    0    0    0    0    0    0    0    0    0    0    0    0    0    0    0    0    0    0    0    0    0    0    0    0    0    0    0    0    0    0    0    0    0    0    0    0    0    0    0    0    0    0    0    0    0    0    0    0    0    0    0    0    0    0    0    0    0    0    0    0    0    0    0    0    0    0    0    0    0    0    0    0    0    0    0
    0    0    0    0    0    0    0    5  208  134   30   98  250  164   39  239  210  139   33  181  255  166   38  255  255  176   47  255  246  168   41  237  107   71   15   86  191  126   25   84    0    0    0    7    0    0    0    0    0    0    0    0    0    0    0    0    0    0    0    0    0    0    0    0    0    0    0    0    0    0    0    0    0    0    0    0    0    0    0    0    0    0    0    0    0    0    0    0    0    0    0    0    0    0    0    0    0    0    0    0    0    0    0    0    0    0    0    0    0    0    0    0    0    0    0    0    0    0    0    0    0    0    0    0    0    0    0    0
    0    0    0    4  249  150   29  183  228  143   30  140   10    6    1   51  254  155   31  253  211  130   26  186  247  161   49  254  255  153   24  255  204  160   97  180    0    0    0   19    0    0    0    5    0    0    0    0    0    0    0    0    0    0    0    0    0    0    0    0    0    0    0    0    0    0    0    0    0    0    0    0    0    0    0    0    0    0    0    0    0    0    0    0    0    0    0    0    0    0    0    0    0    0    0    0    0    0    0    0    0    0    0    0    0    0    0    0    0    0    0    0    0    0    0    0    0    0    0    0    0    0    0    0    0    0    0    0
    0    0    0    8    0    0    0   23    0    0    0   31  228  130   20  163  172  100   17  113   16    9    2   65  239  135   19  222  204  138   55  186  254  147   28  255  199  188  151  180    0    0    0    5    0    0    0    0    0    0    0    4  140    0    0  176  149    0    0  255  141    0    0  176    0    0    0    4    0    0    0    0    0    0    0    0    0    0    0    0    0    0    0    0    0    0    0    0    0    0    0    0    0    0    0    0    0    0    0    0    0    0    0    0    0    0    0    0    0    0    0    0    0    0    0    0    0    0    0    0    0    0    0    0    0    0    0    0
    0    0    0    4    0    0    0   11   88   44    7   29  237  125   19  169    0    0    0   31    0    0    0   35  237  124   16  200    0    0    0   62  227  118    7  191  229  173  102  255  207  200  156  176    0    0    0    7  134    0    0  171  180   67   68  255  250  214  214  255  180   68   68  255  138    0    0  174    0    0    0    3    0    0    0    0    0    0    0    0    0    0    0    0    0    0    0    0    0    0    0    0    0    0    0    0    0    0    0    0    0    0    0    0    0    0    0    0    0    0    0    0    0    0    0    0    0    0    0    0    0    0    0    0    0    0    0    0
    0    0    0    0    0    0    0    1  151   75   11   27   95   47    7   35    0    0    0   14    0    0    0   17  219  105   13  135    0    0    0   35    0    0    0   48  227  129   33  190  222  212  157  255  157   42   30  237  180   60   61  255  250  190  190  255  213   59   59  255  241  191  191  255  180   66   66  255  139    0    0  174    0    0    0    3    0    0    0    0    0    0    0    0    0    0    0    0    0    0    0    0    0    0    0    0    0    0    0    0    0    0    0    0    0    0    0    0    0    0    0    0    0    0    0    0    0    0    0    0    0    0    0    0    0    0    0    0
    0    0    0    0    0    0    0    1    0    0    0    6    0    0    0    9    0    0    0    4    0    0    0    9    0    0    0   18    0    0    0   13    0    0    0   20    0    0    0   50  155   45   33  240  174   54   57  255  247  185  187  255  220   22   22  255  206    0    0  255  203   22   22  255  240  187  189  255  180   64   64  255  139    0    0  174    0    0    0    3    0    0    0    0    0    0    0    0    0    0    0    0    0    0    0    0    0    0    0    0    0    0    0    0    0    0    0    0    0    0    0    0    0    0    0    0    0    0    0    0    0    0    0    0    0    0    0    0
    0    0    0    0    0    0    0    0    0    0    0    1    0    0    0    1    0    0    0    0    0    0    0    2    0    0    0    5    0    0    0    2    0    0    0    7  129    0    0  177  173   58   59  255  236  179  181  255  199   22   22  255  203    0    0  255  215    0    0  255  208    0    0  255  202   22   22  255  237  182  183  255  178   62   62  255  140    0    0  174    0    0    0    3    0    0    0    0    0    0    0    0    0    0    0    0    0    0    0    0    0    0    0    0    0    0    0    0    0    0    0    0    0    0    0    0    0    0    0    0    0    0    0    0    0    0    0    0
    0    0    0    0    0    0    0    0    0    0    0    0    0    0    0    0    0    0    0    0    0    0    0    0    0    0    0    0    0    0    0    4  135    0    0  179  171   61   61  255  225  175  177  255  175   21   21  255  177    0    0  255  191    0    0  255  204    0    0  255  216    0    0  255  208    0    0  255  203   22   21  255  236  175  177  255  178   60   60  255  140    0    0  174    0    0    0    3    0    0    0    0    0    0    0    0    0    0    0    0    0    0    0    0    0    0    0    0    0    0    0    0    0    0    0    0    0    0    0    0    0    0    0    0    0    0    0    0
    0    0    0    0    0    0    0    0    0    0    0    0    0    0    0    0    0    0    0    0    0    0    0    0    0    0    0    0    0    0    0   13  142    0    0  255  214  175  177  255  153   22   22  255  152    0    0  255  166    0    0  255  179    0    0  255  191    0    0  255  204    0    0  255  216    0    0  255  208    0    0  255  203   21   21  255  234  169  171  255  178   58   58  255  142    0    0  174    0    0    0    3    0    0    0    0    0    0    0    0    0    0    0    0    0    0    0    0    0    0    0    0    0    0    0    0    0    0    0    0    0    0    0    0    0    0    0    0
    0    0    0    0    0    0    0    0    0    0    0    0    0    0    0    0    0    0    0    0    0    0    0    0    0    0    0    0    0    0    0   18  129    0    0  192  140    4    4  255  126    0    0  255  141    0    0  255  155    0    0  255  167    0    0  255  179    0    0  255  191    0    0  255  204    0    0  255  216    0    0  255  208    0    0  255  203   20   21  255  232  164  164  255  178   56   56  255  143    0    0  174    0    0    0    3    0    0    0    0    0    0    0    0    0    0    0    0    0    0    0    0    0    0    0    0    0    0    0    0    0    0    0    0    0    0    0    0
    0    0    0    0    0    0    0    0    0    0    0    0    0    0    0    0    0    0    0    0    0    0    0    0    0    0    0    0    0    0    0   13    0    0    0   46  127    0    0  193  136    0    0  255  129    0    0  255  142    0    0  255  155    0    0  255  167    0    0  255  179    0    0  255  191    0    0  255  204    0    0  255  216    0    0  255  208    0    0  255  202   19   21  255  231  157  158  255  178   54   54  255  143    0    0  174    0    0    0    3    0    0    0    0    0    0    0    0    0    0    0    0    0    0    0    0    0    0    0    0    0    0    0    0    0    0    0    0
    0    0    0    0    0    0    0    0    0    0    0    0    0    0    0    0    0    0    0    0    0    0    0    0    0    0    0    0    0    0    0    4    0    0    0   20    0    0    0   50  129    0    0  193  138    0    0  255  129    0    0  255  142    0    0  255  155    0    0  255  167    0    0  255  179    0    0  255  191    0    0  255  204    0    0  255  216    0    0  255  208    0    0  255  202   19   20  255  229  152  152  255  177   52   52  255  144    0    0  174    0    0    0    3    0    0    0    0    0    0    0    0    0    0    0    0    0    0    0    0    0    0    0    0    0    0    0    0
    0    0    0    0    0    0    0    0    0    0    0    0    0    0    0    0    0    0    0    0    0    0    0    0    0    0    0    0    0    0    0    0    0    0    0    3    0    0    0   20    0    0    0   50  128    0    0  193  138    0    0  255  129    0    0  255  142    0    0  255  155    0    0  255  167    0    0  255  179    0    0  255  191    0    0  255  204    0    0  255  216    0    0  255  208    0    0  255  202   18   19  255  228  146  147  255  177   50   49  255  144    0    0  174    0    0    0    3    0    0    0    0    0    0    0    0    0    0    0    0    0    0    0    0    0    0    0    0
    0    0    0    0    0    0    0    0    0    0    0    0    0    0    0    0    0    0    0    0    0    0    0    0    0    0    0    0    0    0    0    0    0    0    0    0    0    0    0    3    0    0    0   20    0    0    0   50  130    0    0  193  138    0    0  255  129    0    0  255  142    0    0  255  155    0    0  255  167    0    0  255  179    0    0  255  191    0    0  255  204    0    0  255  216    0    0  255  208    0    0  255  202   18   18  255  226  140  141  255  177   48   47  255  145    0    0  174    0    0    0    3    0    0    0    0    0    0    0    0    0    0    0    0    0    0    0    0
    0    0    0    0    0    0    0    0    0    0    0    0    0    0    0    0    0    0    0    0    0    0    0    0    0    0    0    0    0    0    0    0    0    0    0    0    0    0    0    0    0    0    0    3    0    0    0   20    0    0    0   50  130    0    0  193  140    0    0  255  129    0    0  255  142    0    0  255  155    0    0  255  167    0    0  255  179    0    0  255  191    0    0  255  204    0    0  255  216    0    0  255  208    0    0  255  201   16   17  255  225  134  135  255  177   45   45  255  146    0    0  174    0    0    0    3    0    0    0    0    0    0    0    0    0    0    0    0
    0    0    0    0    0    0    0    0    0    0    0    0    0    0    0    0    0    0    0    0    0    0    0    0    0    0    0    0    0    0    0    0    0    0    0    0    0    0    0    0    0    0    0    0    0    0    0    3    0    0    0   20    0    0    0   50  131    0    0  193  139    0    0  255  129    0    0  255  142    0    0  255  155    0    0  255  167    0    0  255  179    0    0  255  191    0    0  255  204    0    0  255  216    0    0  255  208    0    0  255  201   15   17  255  222  127  129  255  178   44   43  255  146    0    0  174    0    0    0    3    0    0    0    0    0    0    0    0
    0    0    0    0    0    0    0    0    0    0    0    0    0    0    0    0    0    0    0    0    0    0    0    0    0    0    0    0    0    0    0    0    0    0    0    0    0    0    0    0    0    0    0    0    0    0    0    0    0    0    0    3    0    0    0   20    0    0    0   50  132    0    0  193  141    0    0  255  129    0    0  255  142    0    0  255  155    0    0  255  167    0    0  255  179    0    0  255  191    0    0  255  204    0    0  255  216    0    0  255  208    0    0  255  201   16   16  255  221  122  123  255  178   42   41  255  148    0    0  174    0    0    0    3    0    0    0    0
    0    0    0    0    0    0    0    0    0    0    0    0    0    0    0    0    0    0    0    0    0    0    0    0    0    0    0    0    0    0    0    0    0    0    0    0    0    0    0    0    0    0    0    0    0    0    0    0    0    0    0    0    0    0    0    3    0    0    0   20    0    0    0   50  132    0    0  193  141    0    0  255  128    0    0  255  142    0    0  255  155    0    0  255  167    0    0  255  179    0    0  255  191    0    0  255  204    0    0  255  216    0    0  255  208    0    0  255  202   14   15  255  220  117  118  255  177   40   41  255  150    0    0  179    0    0    0    4
    0    0    0    0    0    0    0    0    0    0    0    0    0    0    0    0    0    0    0    0    0    0    0    0    0    0    0    0    0    0    0    0    0    0    0    0    0    0    0    0    0    0    0    0    0    0    0    0    0    0    0    0    0    0    0    0    0    0    0    3    0    0    0   20    0    0    0   50  133    0    0  193  140    0    0  255  128    0    0  255  142    0    0  255  155    0    0  255  167    0    0  255  179    0    0  255  191    0    0  255  204    0    0  255  216    0    0  255  209    0    0  255  201   14   15  255  222  113  116  255  164   10   10  255    0    0    0   13
    0    0    0    0    0    0    0    0    0    0    0    0    0    0    0    0    0    0    0    0    0    0    0    0    0    0    0    0    0    0    0    0    0    0    0    0    0    0    0    0    0    0    0    0    0    0    0    0    0    0    0    0    0    0    0    0    0    0    0    0    0    0    0    3    0    0    0   20    0    0    0   50  133    0    0  193  142    0    0  255  128    0    0  255  142    0    0  255  155    0    0  255  167    0    0  255  179    0    0  255  191    0    0  255  205    0    0  255  218    0    0  255  213    0    0  255  172    3    3  255  139    0    0  192    0    0    0   18
    0    0    0    0    0    0    0    0    0    0    0    0    0    0    0    0    0    0    0    0    0    0    0    0    0    0    0    0    0    0    0    0    0    0    0    0    0    0    0    0    0    0    0    0    0    0    0    0    0    0    0    0    0    0    0    0    0    0    0    0    0    0    0    0    0    0    0    3    0    0    0   20    0    0    0   50  133    0    0  193  142    0    0  255  128    0    0  255  142    0    0  255  155    0    0  255  167    0    0  255  179    0    0  255  192    0    0  255  208    0    0  255  177    0    0  255  133    0    0  193    0    0    0   46    0    0    0   13
    0    0    0    0    0    0    0    0    0    0    0    0    0    0    0    0    0    0    0    0    0    0    0    0    0    0    0    0    0    0    0    0    0    0    0    0    0    0    0    0    0    0    0    0    0    0    0    0    0    0    0    0    0    0    0    0    0    0    0    0    0    0    0    0    0    0    0    0    0    0    0    3    0    0    0   20    0    0    0   50  134    0    0  193  143    0    0  255  128    0    0  255  142    0    0  255  155    0    0  255  167    0    0  255  181    0    0  255  169    0    0  255  133    0    0  193    0    0    0   50    0    0    0   20    0    0    0    4
    0    0    0    0    0    0    0    0    0    0    0    0    0    0    0    0    0    0    0    0    0    0    0    0    0    0    0    0    0    0    0    0    0    0    0    0    0    0    0    0    0    0    0    0    0    0    0    0    0    0    0    0    0    0    0    0    0    0    0    0    0    0    0    0    0    0    0    0    0    0    0    0    0    0    0    3    0    0    0   20    0    0    0   50  134    0    0  193  143    0    0  255  128    0    0  255  141    0    0  255  155    0    0  255  160    0    0  255  134    0    0  193    0    0    0   50    0    0    0   20    0    0    0    3    0    0    0    0
    0    0    0    0    0    0    0    0    0    0    0    0    0    0    0    0    0    0    0    0    0    0    0    0    0    0    0    0    0    0    0    0    0    0    0    0    0    0    0    0    0    0    0    0    0    0    0    0    0    0    0    0    0    0    0    0    0    0    0    0    0    0    0    0    0    0    0    0    0    0    0    0    0    0    0    0    0    0    0    3    0    0    0   20    0    0    0   50  135    0    0  193  142    0    0  255  127    0    0  255  151    0    0  255  135    0    0  193    0    0    0   50    0    0    0   20    0    0    0    3    0    0    0    0    0    0    0    0
    0    0    0    0    0    0    0    0    0    0    0    0    0    0    0    0    0    0    0    0    0    0    0    0    0    0    0    0    0    0    0    0    0    0    0    0    0    0    0    0    0    0    0    0    0    0    0    0    0    0    0    0    0    0    0    0    0    0    0    0    0    0    0    0    0    0    0    0    0    0    0    0    0    0    0    0    0    0    0    0    0    0    0    3    0    0    0   20    0    0    0   50  136    0    0  197  151    0    0  255  136    0    0  197    0    0    0   50    0    0    0   20    0    0    0    3    0    0    0    0    0    0    0    0    0    0    0    0
    0    0    0    0    0    0    0    0    0    0    0    0    0    0    0    0    0    0    0    0    0    0    0    0    0    0    0    0    0    0    0    0    0    0    0    0    0    0    0    0    0    0    0    0    0    0    0    0    0    0    0    0    0    0    0    0    0    0    0    0    0    0    0    0    0    0    0    0    0    0    0    0    0    0    0    0    0    0    0    0    0    0    0    0    0    0    0    3    0    0    0   20    0    0    0   46    0    0    0   60    0    0    0   46    0    0    0   20    0    0    0    3    0    0    0    0    0    0    0    0    0    0    0    0    0    0    0    0
    0    0    0    0    0    0    0    0    0    0    0    0    0    0    0    0    0    0    0    0    0    0    0    0    0    0    0    0    0    0    0    0    0    0    0    0    0    0    0    0    0    0    0    0    0    0    0    0    0    0    0    0    0    0    0    0    0    0    0    0    0    0    0    0    0    0    0    0    0    0    0    0    0    0    0    0    0    0    0    0    0    0    0    0    0    0    0    0    0    0    0    4    0    0    0   13    0    0    0   18    0    0    0   13    0    0    0    4    0    0    0    0    0    0    0    0    0    0    0    0    0    0    0    0    0    0    0    0
