   32   32
    0    0    0    0    0    0    0    0    0    0    0    0    0    0    0    0    0    0    0    0    0    0    0    0    0    0    0    0    0    0    0    0    0    0    0    0    0    0    0    0    0    0    0    0    0    0    0    0    0    0    0    0  249  246  253  255  249  246  253  255  249  246  253  255    0    0    0    0    0    0    0    0    0    0    0    0    0    0    0    0    0    0    0    0    0    0    0    0    0    0    0    0    0    0    0    0    0    0    0    0    0    0    0    0    0    0    0    0    0    0    0    0    0    0    0    0    0    0    0    0    0    0    0    0    0    0    0    0
    0    0    0    0    0    0    0    0    0    0    0    0    0    0    0    0    0    0    0    0    0    0    0    0    0    0    0    0    0    0    0    0    0    0    0    0    0    0    0    0    0    0    0    0  249  246  253  255  229  230  230  255  204  204  204  255  191  208  183  255  191  208  183  255  204  204  204  255  222  221  222  255  238  236  242  255  238  236  242  255  238  236  242  255    0    0    0    0    0    0    0    0    0    0    0    0    0    0    0    0    0    0    0    0    0    0    0    0    0    0    0    0    0    0    0    0    0    0    0    0    0    0    0    0    0    0    0    0
    0    0    0    0    0    0    0    0    0    0    0    0    0    0    0    0    0    0    0    0    0    0    0    0    0    0    0    0    0    0    0    0    0    0    0    0  229  230  230  255  166  208  144  255  107  187   71  255   80  179   31  255   64  181    7  255   58  172    8  255   56  166    2  255   55  150    7  255   73  144   37  255   99  158   77  255  150  178  138  255  204  204  204  255  238  236  242  255  227  224  231  255    0    0    0    0    0    0    0    0    0    0    0    0    0    0    0    0    0    0    0    0    0    0    0    0    0    0    0    0    0    0    0    0    0    0    0    0
    0    0    0    0    0    0    0    0    0    0    0    0    0    0    0    0    0    0    0    0    0    0    0    0    0    0    0    0  229  230  230  255  150  204  123  255   79  191   26  255   63  189    0  255   63  189    0  255   65  204    0  255   65  204    0  255   71  197    9  255   66  187    8  255   63  182    3  255   58  172    1  255   45  161    0  255   48  141    2  255   61  128   25  255  127  158  118  255  214  212  217  255  227  224  231  255    0    0    0    0    0    0    0    0    0    0    0    0    0    0    0    0    0    0    0    0    0    0    0    0    0    0    0    0    0    0    0    0
    0    0    0    0    0    0    0    0    0    0    0    0    0    0    0    0    0    0    0    0    0    0    0    0  191  208  183  255   79  191   26  255   51  204    0  255   66  218    0  255   74  214    8  255   74  214    8  255   74  214    8  255   74  214    8  255   74  214    8  255   71  197    9  255   71  197    9  255   66  187    8  255   58  172    8  255   57  164    7  255   51  153    0  255   38  125    0  255   67  124   39  255  181  181  182  255  227  224  231  255    0    0    0    0    0    0    0    0    0    0    0    0    0    0    0    0    0    0    0    0    0    0    0    0    0    0    0    0
    0    0    0    0    0    0    0    0    0    0    0    0    0    0    0    0    0    0    0    0  166  208  144  255   67  199    6  255   66  218    0  255   76  221    7  255   76  221    7  255   76  221    7  255   76  221    7  255   76  221    7  255   76  221    7  255   74  214    8  255   74  214    8  255   67  199    6  255   67  199    6  255   64  181    7  255   58  172    8  255   57  164    7  255   55  150    7  255   38  125    0  255   40  100   12  255  157  169  153  255  227  224  231  255    0    0    0    0    0    0    0    0    0    0    0    0    0    0    0    0    0    0    0    0    0    0    0    0
    0    0    0    0    0    0    0    0    0    0    0    0    0    0    0    0  171  211  153  255   67  199    6  255   66  218    0  255   76  221    7  255   82  231    7  255   82  231    7  255   82  231    7  255   76  221    7  255   76  221    7  255   76  221    7  255   76  221    7  255   75  209    7  255   67  199    6  255   67  199    6  255   66  187    8  255   64  181    7  255   57  164    7  255   57  164    7  255   48  140    7  255   42  116    6  255   39   84   16  255  163  171  158  255  224  223  228  255    0    0    0    0    0    0    0    0    0    0    0    0    0    0    0    0    0    0    0    0
    0    0    0    0    0    0    0    0    0    0    0    0  201  220  190  255   71  197    9  255   76  221    7  255   76  221    7  255   82  231    7  255   82  231    7  255   82  231    7  255   82  231    7  255   84  230   15  255   84  230   15  255   84  230   15  255   76  221    7  255   74  214    8  255   74  214    8  255   67  199    6  255   67  199    6  255   63  182    3  255   58  172    8  255   57  164    7  255   55  150    7  255   46  132    3  255   34  105    0  255   44   87   23  255  189  189  191  255  214  212  217  255    0    0    0    0    0    0    0    0    0    0    0    0    0    0    0    0
    0    0    0    0    0    0    0    0  248  243  246  255   94  196   51  255   66  218    0  255   76  221    7  255   82  231    7  255   82  231    7  255   82  231    7  255   86  240   11  255   91  244   15  255   91  244   15  255   99  251   25  255   90  237   20  255   84  230   15  255   76  221    7  255   75  209    7  255   67  199    6  255   63  189    0  255   63  182    3  255   58  172    8  255   57  164    7  255   55  150    7  255   46  132    3  255   44  121    6  255   21   83    0  255   83  109   75  255  214  212  217  255    0    0    0    0    0    0    0    0    0    0    0    0    0    0    0    0
    0    0    0    0    0    0    0    0  171  211  153  255   51  204    0  255   76  221    7  255   82  231    7  255   82  231    7  255   82  231    7  255   86  240   11  255   99  251   25  255  109  254   34  255  114  255   39  255  114  255   39  255  114  255   39  255   99  237   31  255   85  223   15  255   75  209    7  255   67  199    6  255   63  189    0  255   63  182    3  255   58  172    1  255   56  166    2  255   51  153    0  255   48  141    2  255   44  121    6  255   34  105    0  255   17   69    0  255  163  171  158  255  214  212  217  255    0    0    0    0    0    0    0    0    0    0    0    0
    0    0    0    0  248  243  246  255   94  196   51  255   66  218    0  255   76  221    7  255   76  221    7  255   82  231    7  255   86  240   11  255   99  251   25  255  114  255   39  255  128  255   51  255  132  255   59  255  132  255   59  255  132  255   59  255  108  249   39  255   93  227   27  255   80  214   14  255   67  199    6  255   63  189    0  255   63  182    3  255   63  182    3  255   56  166    2  255   51  153    0  255   48  141    2  255   44  121    6  255   34  105    0  255   17   69    0  255   88  109   81  255  214  212  217  255    0    0    0    0    0    0    0    0    0    0    0    0
    0    0    0    0  201  220  190  255   63  189    0  255   74  214    8  255   76  221    7  255   76  221    7  255   82  231    7  255   91  244   15  255  109  254   34  255  128  255   51  255  143  255   68  255  151  255   79  255  151  255   79  255  143  255   68  255  118  253   47  255   99  237   31  255   85  223   15  255   71  197    9  255   63  189    0  255   63  182    3  255   58  172    1  255   56  166    2  255   51  153    0  255   48  141    2  255   44  121    6  255   34  105    0  255   27   89    0  255   33   68   13  255  181  181  182  255  214  212  217  255    0    0    0    0    0    0    0    0
    0    0    0    0  150  204  123  255   51  204    0  255   74  214    8  255   76  221    7  255   76  221    7  255   82  231    7  255   91  244   15  255  114  255   39  255  132  255   59  255  151  255   79  255  168  253   96  255  162  254   92  255  143  255   68  255  128  255   51  255   99  237   31  255   80  214   14  255   71  197    9  255   63  189    0  255   63  182    3  255   56  166    2  255   56  166    2  255   51  153    0  255   48  141    2  255   44  121    6  255   34  105    0  255   34   97    0  255   17   69    0  255  125  136  122  255  204  204  204  255  204  204  204  255    0    0    0    0
    0    0    0    0  107  187   71  255   63  189    0  255   74  214    8  255   74  214    8  255   76  221    7  255   82  231    7  255   90  237   20  255  114  255   39  255  132  255   59  255  151  255   79  255  162  254   92  255  162  254   92  255  143  255   68  255  118  253   47  255   99  237   31  255   80  214   14  255   71  197    9  255   63  182    3  255   63  182    3  255   56  166    2  255   56  166    2  255   55  150    7  255   46  132    3  255   44  121    6  255   41  109    5  255   34   97    0  255   17   69    0  255   88  109   81  255  189  189  191  255  204  204  204  255    0    0    0    0
  249  246  253  255  101  177   66  255   63  189    0  255   75  209    7  255   75  209    7  255   76  221    7  255   76  221    7  255   90  237   20  255  109  254   34  255  118  253   47  255  132  255   59  255  143  255   68  255  143  255   68  255  132  255   59  255  108  249   39  255   93  227   27  255   75  209    7  255   66  187    8  255   63  182    3  255   58  172    1  255   56  166    2  255   51  153    0  255   48  141    2  255   46  132    3  255   44  121    6  255   41  109    5  255   34   97    0  255   25   74    0  255   59   81   49  255  165  164  168  255  196  196  197  255    0    0    0    0
  248  243  246  255   94  173   56  255   63  189    0  255   75  209    7  255   75  209    7  255   75  209    7  255   76  221    7  255   84  230   15  255   90  237   20  255  108  249   39  255  118  253   47  255  118  253   47  255  118  253   47  255  108  249   39  255   93  227   27  255   80  214   14  255   67  199    6  255   63  182    3  255   63  182    3  255   56  166    2  255   56  166    2  255   51  153    0  255   48  141    2  255   46  132    3  255   44  121    6  255   41  109    5  255   34   97    0  255   25   74    0  255   59   81   49  255  153  153  153  255  184  183  188  255    0    0    0    0
  248  243  246  255  101  177   66  255   63  189    0  255   71  197    9  255   71  197    9  255   75  209    7  255   75  209    7  255   75  209    7  255   85  223   15  255   93  227   27  255   99  237   31  255   99  237   31  255   99  237   31  255   85  223   15  255   75  209    7  255   67  199    6  255   63  189    0  255   60  180    0  255   58  172    1  255   56  166    2  255   51  153    0  255   48  141    2  255   48  141    2  255   46  132    3  255   44  121    6  255   41  109    5  255   41  109    5  255   25   74    0  255   59   81   49  255  140  139  141  255  165  164  168  255  189  189  191  255
  248  243  246  255   99  158   77  255   58  172    1  255   66  187    8  255   67  199    6  255   67  199    6  255   75  209    7  255   75  209    7  255   75  209    7  255   80  214   14  255   80  214   14  255   80  214   14  255   80  214   14  255   71  197    9  255   71  197    9  255   63  189    0  255   60  180    0  255   58  172    1  255   56  166    2  255   56  166    2  255   51  153    0  255   48  141    2  255   46  132    3  255   46  132    3  255   42  116    6  255   42  116    6  255   40  100   12  255   25   74    0  255   71   91   62  255  135  132  139  255  153  153  153  255  184  183  188  255
  249  246  253  255  135  180  120  255   45  161    0  255   64  181    7  255   64  181    7  255   71  197    9  255   67  199    6  255   67  199    6  255   67  199    6  255   67  199    6  255   67  199    6  255   67  199    6  255   67  199    6  255   67  199    6  255   63  182    3  255   63  182    3  255   58  172    1  255   56  166    2  255   56  166    2  255   51  153    0  255   48  141    2  255   48  141    2  255   46  132    3  255   46  132    3  255   44  121    6  255   44  121    6  255   40  100   12  255   25   74    0  255   88  109   81  255  135  132  139  255  153  153  153  255  181  181  182  255
  249  246  253  255  179  200  173  255   48  141    2  255   58  172    8  255   64  181    7  255   66  187    8  255   66  187    8  255   63  189    0  255   63  189    0  255   63  189    0  255   63  189    0  255   63  189    0  255   63  189    0  255   63  182    3  255   63  182    3  255   58  172    1  255   56  166    2  255   56  166    2  255   51  153    0  255   51  153    0  255   48  141    2  255   48  141    2  255   46  132    3  255   46  132    3  255   44  121    6  255   53  113   23  255   40  100   12  255   32   79    7  255  107  123  102  255  133  131  133  255  140  139  141  255  173  173  175  255
    0    0    0    0  227  224  231  255   73  144   37  255   45  161    0  255   58  172    8  255   58  172    8  255   64  181    7  255   63  182    3  255   63  182    3  255   63  182    3  255   63  182    3  255   63  182    3  255   63  182    3  255   58  172    1  255   58  172    1  255   56  166    2  255   56  166    2  255   51  153    0  255   51  153    0  255   48  141    2  255   48  141    2  255   46  132    3  255   46  132    3  255   49  130    9  255   54  126   18  255   53  113   23  255   37   91   11  255   59   87   41  255  129  127  132  255  129  127  132  255  140  139  141  255  173  173  175  255
    0    0    0    0  248  243  246  255  138  170  123  255   40  131    3  255   57  164    7  255   57  164    7  255   57  164    7  255   58  172    8  255   58  172    1  255   58  172    1  255   58  172    1  255   58  172    1  255   56  166    2  255   56  166    2  255   56  166    2  255   51  153    0  255   51  153    0  255   51  153    0  255   48  141    2  255   48  141    2  255   48  141    2  255   49  130    9  255   49  130    9  255   61  128   25  255   61  128   25  255   53  113   23  255   39   84   16  255   98  111   92  255  133  131  133  255  129  127  132  255  140  139  141  255  173  173  175  255
    0    0    0    0  238  236  242  255  222  221  222  255   65  132   34  255   48  141    2  255   55  150    7  255   57  164    7  255   57  164    7  255   57  164    7  255   56  166    2  255   56  166    2  255   56  166    2  255   56  166    2  255   51  153    0  255   51  153    0  255   48  141    2  255   48  141    2  255   48  141    2  255   48  141    2  255   48  141    2  255   49  130    9  255   53  132   15  255   61  128   25  255   65  132   34  255   67  124   39  255   45  103   19  255   62   96   44  255  129  127  132  255  129  127  132  255  129  127  132  255  140  139  141  255  173  173  175  255
    0    0    0    0  229  230  230  255  238  236  242  255  165  180  159  255   41  109    5  255   46  132    3  255   48  140    7  255   55  150    7  255   55  150    7  255   55  150    7  255   55  150    7  255   55  150    7  255   48  141    2  255   48  141    2  255   48  141    2  255   48  141    2  255   46  132    3  255   46  132    3  255   46  132    3  255   46  132    3  255   53  132   15  255   61  128   25  255   65  132   34  255   75  133   44  255   59  113   32  255   50   98   24  255  107  123  102  255  133  131  133  255  129  127  132  255  129  127  132  255  153  153  153  255  181  181  182  255
    0    0    0    0    0    0    0    0  227  224  231  255  238  236  242  255  127  158  118  255   34  105    0  255   40  131    3  255   49  130    9  255   49  130    9  255   48  141    2  255   48  141    2  255   48  141    2  255   46  132    3  255   46  132    3  255   46  132    3  255   46  132    3  255   46  132    3  255   46  132    3  255   49  130    9  255   53  132   15  255   61  128   25  255   65  132   34  255   75  133   44  255   59  113   32  255   50   98   24  255   98  111   92  255  133  131  133  255  129  127  132  255  129  127  132  255  133  131  133  255  165  164  168  255  184  183  188  255
    0    0    0    0    0    0    0    0    0    0    0    0  224  223  228  255  224  223  228  255  118  142  108  255   27   89    0  255   41  109    5  255   44  121    6  255   44  121    6  255   44  121    6  255   44  121    6  255   44  121    6  255   44  121    6  255   44  121    6  255   44  121    6  255   44  121    6  255   49  130    9  255   54  126   18  255   61  128   25  255   65  132   34  255   65  132   34  255   59  113   32  255   50   98   24  255   98  111   92  255  133  131  133  255  133  131  133  255  126  125  129  255  126  125  129  255  153  153  153  255  181  181  182  255  184  183  188  255
    0    0    0    0    0    0    0    0    0    0    0    0    0    0    0    0  224  223  228  255  224  223  228  255  140  139  141  255   39   84   16  255   27   89    0  255   34  105    0  255   41  109    5  255   42  116    6  255   42  116    6  255   42  116    6  255   42  116    6  255   42  116    6  255   42  116    6  255   54  126   18  255   54  126   18  255   61  128   25  255   59  113   32  255   45  103   19  255   45  103   19  255  107  123  102  255  133  131  133  255  133  131  133  255  126  125  129  255  126  125  129  255  140  139  141  255  173  173  175  255  189  189  191  255  184  183  188  255
    0    0    0    0    0    0    0    0    0    0    0    0    0    0    0    0    0    0    0    0  222  221  222  255  227  224  231  255  189  189  191  255   88  109   81  255   32   79    7  255   21   83    0  255   27   89    0  255   34   97    0  255   34   97    0  255   34  105    0  255   34  105    0  255   41  109    5  255   40  100   12  255   40  100   12  255   40  100   12  255   50   98   24  255   83  109   75  255  125  128  122  255  133  131  133  255  133  131  133  255  126  125  129  255  126  125  129  255  140  139  141  255  173  173  175  255  189  189  191  255    0    0    0    0    0    0    0    0
    0    0    0    0    0    0    0    0    0    0    0    0    0    0    0    0    0    0    0    0    0    0    0    0    0    0    0    0  224  223  228  255  222  221  222  255  173  173  175  255  107  123  102  255   62   96   44  255   39   84   16  255   25   74    0  255   25   74    0  255   25   74    0  255   32   79    7  255   44   87   23  255   62   96   44  255   88  109   81  255  119  128  116  255  135  132  139  255  129  127  132  255  129  127  132  255  129  127  132  255  129  127  132  255  140  139  141  255  165  164  168  255  184  183  188  255  189  189  191  255    0    0    0    0    0    0    0    0
    0    0    0    0    0    0    0    0    0    0    0    0    0    0    0    0    0    0    0    0    0    0    0    0    0    0    0    0    0    0    0    0  214  212  217  255  214  212  217  255  222  221  222  255  204  204  204  255  181  181  182  255  157  169  153  255  140  139  141  255  125  136  122  255  119  128  116  255  125  128  122  255  133  131  133  255  135  132  139  255  135  132  139  255  129  127  132  255  129  127  132  255  129  127  132  255  140  139  141  255  153  153  153  255  165  164  168  255  184  183  188  255    0    0    0    0    0    0    0    0    0    0    0    0    0    0    0    0
    0    0    0    0    0    0    0    0    0    0    0    0    0    0    0    0    0    0    0    0    0    0    0    0    0    0    0    0    0    0    0    0    0    0    0    0    0    0    0    0    0    0    0    0  214  212  217  255  214  212  217  255  214  212  217  255  204  204  204  255  189  189  191  255  173  173  175  255  165  164  168  255  153  153  153  255  153  153  153  255  140  139  141  255  140  139  141  255  153  153  153  255  165  164  168  255  173  173  175  255  184  183  188  255  189  189  191  255  189  189  191  255    0    0    0    0    0    0    0    0    0    0    0    0    0    0    0    0
    0    0    0    0    0    0    0    0    0    0    0    0    0    0    0    0    0    0    0    0    0    0    0    0    0    0    0    0    0    0    0    0    0    0    0    0    0    0    0    0    0    0    0    0    0    0    0    0    0    0    0    0  204  204  204  255  204  204  204  255  204  204  204  255  204  204  204  255  196  196  197  255  189  189  191  255  184  183  188  255  184  183  188  255  184  183  188  255  184  183  188  255  189  189  191  255  189  189  191  255    0    0    0    0    0    0    0    0    0    0    0    0    0    0    0    0    0    0    0    0    0    0    0    0    0    0    0    0
