   32   32
    0    0    0    0    0    0    0    0    0    0    0    0    0    0    0    0    0    0    0    0    0    0    0    0    0    0    0    0    0    0    0    0    0    0    0    0    0    0    0    0    0    0    0    0    0    0    0    0    0    0    0    0  249  246  253  255  249  246  253  255  249  246  253  255    0    0    0    0    0    0    0    0    0    0    0    0    0    0    0    0    0    0    0    0    0    0    0    0    0    0    0    0    0    0    0    0    0    0    0    0    0    0    0    0    0    0    0    0    0    0    0    0    0    0    0    0    0    0    0    0    0    0    0    0    0    0    0    0
    0    0    0    0    0    0    0    0    0    0    0    0    0    0    0    0    0    0    0    0    0    0    0    0    0    0    0    0    0    0    0    0    0    0    0    0    0    0    0    0    0    0    0    0  249  246  253  255  231  230  236  255  203  218  203  255  192  211  185  255  192  211  185  255  203  218  203  255  223  223  228  255  231  230  236  255  231  230  236  255  231  230  236  255    0    0    0    0    0    0    0    0    0    0    0    0    0    0    0    0    0    0    0    0    0    0    0    0    0    0    0    0    0    0    0    0    0    0    0    0    0    0    0    0    0    0    0    0
    0    0    0    0    0    0    0    0    0    0    0    0    0    0    0    0    0    0    0    0    0    0    0    0    0    0    0    0    0    0    0    0    0    0    0    0  223  223  228  255  152  204  138  255  110  188   85  255   60  191   23  255   44  174   14  255   65  171    6  255  191  178    8  255  191  178    8  255  163  159   44  255  173  169   58  255  179  178  124  255  206  205  211  255  231  230  236  255  231  230  236  255    0    0    0    0    0    0    0    0    0    0    0    0    0    0    0    0    0    0    0    0    0    0    0    0    0    0    0    0    0    0    0    0    0    0    0    0
    0    0    0    0    0    0    0    0    0    0    0    0    0    0    0    0    0    0    0    0    0    0    0    0    0    0    0    0  231  230  236  255  152  204  138  255   60  191   23  255   36  200    0  255   36  200    0  255   36  200    0  255   36  200    0  255   81  208    6  255  223  206    9  255  223  206    9  255  205  191    8  255  184  174    6  255  164  153    5  255  148  140   36  255  179  178  124  255  215  215  219  255  231  230  236  255    0    0    0    0    0    0    0    0    0    0    0    0    0    0    0    0    0    0    0    0    0    0    0    0    0    0    0    0    0    0    0    0
    0    0    0    0    0    0    0    0    0    0    0    0    0    0    0    0    0    0    0    0    0    0    0    0  192  211  185  255   73  194   39  255   36  200    0  255   47  213    8  255   58  220    8  255   58  220    8  255   58  220    8  255   47  213    8  255   81  208    6  255  226  220   13  255  228  214    9  255  223  206    9  255  205  191    8  255  191  178    8  255  177  165    7  255  147  138    8  255  132  127   62  255  182  180  180  255  223  223  228  255    0    0    0    0    0    0    0    0    0    0    0    0    0    0    0    0    0    0    0    0    0    0    0    0    0    0    0    0
    0    0    0    0    0    0    0    0    0    0    0    0    0    0    0    0    0    0    0    0  152  204  138  255   45  191    2  255   47  213    8  255   58  220    8  255   58  220    8  255   58  220    8  255   58  220    8  255   58  220    8  255   47  213    8  255   81  208    6  255  238  220   10  255  238  220   10  255  228  214    9  255  215  197    8  255  205  191    8  255  191  178    8  255  177  165    7  255  147  138    8  255  123  112    5  255  175  172  156  255  223  223  228  255    0    0    0    0    0    0    0    0    0    0    0    0    0    0    0    0    0    0    0    0    0    0    0    0
    0    0    0    0    0    0    0    0    0    0    0    0    0    0    0    0  165  210  153  255   45  191    2  255   58  220    8  255   59  229    7  255   59  229    7  255   59  229    7  255   59  229    7  255   59  229    7  255   59  229    7  255   47  213    8  255   81  208    6  255  245  230   14  255  245  230   14  255  228  214    9  255  223  206    9  255  215  197    8  255  199  182    6  255  184  174    6  255  165  148    8  255  145  133    8  255  100   95   24  255  175  172  156  255  223  223  228  255    0    0    0    0    0    0    0    0    0    0    0    0    0    0    0    0    0    0    0    0
    0    0    0    0    0    0    0    0    0    0    0    0  203  218  203  255   45  191    2  255   58  220    8  255   59  229    7  255   59  229    7  255   59  229    7  255   59  229    7  255   59  229    7  255   59  229    7  255   59  229    7  255   58  220    8  255   81  208    6  255  245  230   14  255  245  230   14  255  238  220   10  255  223  206    9  255  215  197    8  255  205  191    8  255  191  178    8  255  177  165    7  255  165  148    8  255  123  112    5  255  100   95   24  255  190  190  192  255  215  215  219  255    0    0    0    0    0    0    0    0    0    0    0    0    0    0    0    0
    0    0    0    0    0    0    0    0  242  240  246  255   82  194   54  255   47  213    8  255   59  229    7  255   65  225   16  255   59  229    7  255   59  229    7  255   59  229    7  255   69  240   15  255   69  240   15  255   69  240   15  255   69  240   15  255   99  234   16  255  245  230   14  255  245  230   14  255  238  220   10  255  228  214    9  255  215  197    8  255  205  191    8  255  191  178    8  255  177  165    7  255  165  148    8  255  145  133    8  255  102  102    0  255  112  110   66  255  215  215  219  255    0    0    0    0    0    0    0    0    0    0    0    0    0    0    0    0
    0    0    0    0    0    0    0    0  165  210  153  255   36  200    0  255   58  220    8  255   59  229    7  255   59  229    7  255   59  229    7  255   59  229    7  255   69  240   15  255   83  253   30  255   92  255   41  255   92  255   41  255   83  253   30  255   99  234   16  255  255  243   25  255  245  230   14  255  238  220   10  255  228  214    9  255  223  206    9  255  205  191    8  255  191  178    8  255  177  165    7  255  164  153    5  255  145  133    8  255  123  112    5  255   84   77    4  255  175  172  156  255  215  215  219  255    0    0    0    0    0    0    0    0    0    0    0    0
    0    0    0    0  242  240  246  255   82  194   54  255   47  213    8  255   58  220    8  255   59  229    7  255   59  229    7  255   59  229    7  255   69  240   15  255   92  255   41  255  113  254   66  255  133  255   83  255  133  255   83  255  113  254   66  255  115  251   43  255  250  250   33  255  245  230   14  255  238  220   10  255  223  206    9  255  223  206    9  255  205  191    8  255  191  178    8  255  177  165    7  255  164  153    5  255  145  133    8  255  123  112    5  255   92   82    0  255  111  106   83  255  215  215  219  255    0    0    0    0    0    0    0    0    0    0    0    0
    0    0    0    0  203  218  203  255   45  191    2  255   47  213    8  255   58  220    8  255   58  220    8  255   59  229    7  255   69  240   15  255   83  253   30  255  113  254   66  255  153  255  102  255  179  254  125  255  179  254  125  255  153  255  102  255  142  254   64  255  250  250   33  255  255  243   25  255  238  220   10  255  223  206    9  255  215  197    8  255  205  191    8  255  191  178    8  255  177  165    7  255  164  153    5  255  147  138    8  255  133  123    4  255  102  102    0  255   84   77    4  255  182  180  180  255  206  205  211  255    0    0    0    0    0    0    0    0
    0    0    0    0  152  204  138  255   45  191    2  255   58  220    8  255   58  220    8  255   58  220    8  255   59  229    7  255   69  240   15  255   92  255   41  255  133  255   83  255  179  254  125  255  195  254  141  255  195  254  141  255  153  255  102  255  142  254   64  255  250  250   33  255  245  230   14  255  228  214    9  255  223  206    9  255  215  197    8  255  205  191    8  255  191  178    8  255  177  165    7  255  164  153    5  255  147  138    8  255  133  123    4  255  116  106    5  255   84   77    4  255  130  129  133  255  206  205  211  255  206  205  211  255    0    0    0    0
    0    0    0    0  110  188   85  255   36  200    0  255   47  213    8  255   58  220    8  255   58  220    8  255   58  220    8  255   69  240   15  255   92  255   41  255  133  255   83  255  179  254  125  255  195  254  141  255  179  254  125  255  153  255  102  255  142  254   64  255  250  250   33  255  245  230   14  255  228  214    9  255  223  206    9  255  205  191    8  255  199  182    6  255  184  174    6  255  177  165    7  255  164  153    5  255  145  133    8  255  133  123    4  255  116  106    5  255   84   77    4  255  111  106   83  255  184  183  187  255  204  204  204  255    0    0    0    0
  249  246  253  255   85  157   66  255   36  200    0  255   47  213    8  255   47  213    8  255   47  213    8  255   47  213    8  255   59  229    7  255   83  253   30  255  113  254   66  255  133  255   83  255  153  255  102  255  153  255  102  255  113  254   66  255  115  251   43  255  255  243   25  255  245  230   14  255  229  207    2  255  223  206    9  255  215  197    8  255  199  182    6  255  199  182    6  255  177  165    7  255  165  148    8  255  147  138    8  255  133  123    4  255  123  112    5  255   92   82    0  255   82   86   45  255  164  164  166  255  190  190  192  255    0    0    0    0
  242  240  246  255  128  180   59  255  124  191    7  255  140  212   14  255  158  226   10  255  158  226   10  255  158  226   10  255  158  226   10  255  175  247   19  255  204  255   51  255  204  255   51  255  204  255   51  255  204  255   51  255  204  255   51  255  174  236   30  255  140  212   14  255  124  191    7  255  124  191    7  255  124  191    7  255  108  167    8  255  108  167    8  255  102  157    7  255  102  157    7  255   86  127    5  255   86  127    5  255   86  127    5  255   72  100    9  255   58   76    0  255   82   86   45  255  153  153  153  255  184  183  187  255    0    0    0    0
  242  240  246  255  196  186   60  255  229  207    2  255  238  220   10  255  245  230   14  255  255  238   12  255  255  238   12  255  255  238   12  255  255  238   12  255  255  243   25  255  250  250   33  255  250  250   33  255  250  250   33  255  255  243   25  255  226  220   13  255   45  191    2  255   39  170    1  255   39  170    1  255   39  170    1  255   39  170    1  255   37  151    2  255   37  151    2  255   33  132    3  255   33  132    3  255   32  121    6  255   30  102    4  255   30  102    4  255   22   77    4  255   54   86   41  255  141  141  142  255  164  164  166  255  190  190  192  255
  242  240  246  255  190  183   79  255  215  197    8  255  228  214    9  255  238  220   10  255  238  220   10  255  245  230   14  255  245  230   14  255  245  230   14  255  245  230   14  255  245  230   14  255  245  230   14  255  245  230   14  255  245  230   14  255  205  191    8  255   45  191    2  255   39  170    1  255   39  170    1  255   39  170    1  255   39  170    1  255   37  151    2  255   35  140    2  255   33  132    3  255   33  132    3  255   32  121    6  255   30  102    4  255   30  102    4  255   22   77    4  255   67   90   61  255  135  132  139  255  153  153  153  255  184  183  187  255
  249  246  253  255  196  188  118  255  199  182    6  255  215  197    8  255  228  214    9  255  228  214    9  255  228  214    9  255  238  220   10  255  238  220   10  255  238  220   10  255  238  220   10  255  238  220   10  255  238  220   10  255  229  207    2  255  182  192    7  255   39  170    1  255   39  170    1  255   39  170    1  255   39  170    1  255   37  151    2  255   37  151    2  255   33  132    3  255   33  132    3  255   33  132    3  255   32  121    6  255   32  121    6  255   35  103   14  255   22   77    4  255   84  109   77  255  135  132  139  255  153  153  153  255  182  180  180  255
  249  246  253  255  197  197  173  255  177  165    7  255  205  191    8  255  215  197    8  255  223  206    9  255  223  206    9  255  228  214    9  255  228  214    9  255  228  214    9  255  223  206    9  255  223  206    9  255  223  206    9  255  223  206    9  255  182  192    7  255   39  170    1  255   39  170    1  255   37  151    2  255   37  151    2  255   37  151    2  255   35  140    2  255   35  140    2  255   33  132    3  255   32  121    6  255   32  121    6  255   41  118   17  255   35  103   14  255   22   77    4  255  111  121  106  255  130  129  133  255  141  141  142  255  173  173  174  255
    0    0    0    0  223  223  228  255  163  159   44  255  184  174    6  255  205  191    8  255  205  191    8  255  215  197    8  255  215  197    8  255  215  197    8  255  215  197    8  255  215  197    8  255  215  197    8  255  215  197    8  255  215  197    8  255  182  192    7  255   39  170    1  255   37  151    2  255   37  151    2  255   37  151    2  255   35  140    2  255   33  132    3  255   33  132    3  255   33  132    3  255   32  121    6  255   41  118   17  255   48  119   28  255   33   84   17  255   54   86   41  255  130  129  133  255  130  129  133  255  141  141  142  255  173  173  174  255
    0    0    0    0  242  240  246  255  179  178  124  255  164  153    5  255  191  178    8  255  199  182    6  255  205  191    8  255  205  191    8  255  205  191    8  255  205  191    8  255  205  191    8  255  205  191    8  255  199  182    6  255  199  182    6  255  177  165    7  255   37  151    2  255   37  151    2  255   35  140    2  255   35  140    2  255   35  140    2  255   33  132    3  255   33  132    3  255   42  132   16  255   42  132   16  255   55  134   32  255   55  134   32  255   33   84   17  255   95  110   92  255  135  132  139  255  130  129  133  255  141  141  142  255  173  173  174  255
    0    0    0    0  231  230  236  255  215  215  219  255  148  140   36  255  164  153    5  255  184  174    6  255  191  178    8  255  191  178    8  255  191  178    8  255  191  178    8  255  191  178    8  255  191  178    8  255  191  178    8  255  191  178    8  255  157  163    8  255   37  151    2  255   35  140    2  255   35  140    2  255   33  132    3  255   33  132    3  255   33  132    3  255   42  132   16  255   55  134   32  255   71  152   45  255   71  152   45  255   48  119   28  255   54   86   41  255  130  129  133  255  130  129  133  255  125  125  128  255  141  141  142  255  173  173  174  255
    0    0    0    0  231  230  236  255  231  230  236  255  175  172  156  255  133  123    4  255  164  153    5  255  177  165    7  255  177  165    7  255  177  165    7  255  177  165    7  255  177  165    7  255  177  165    7  255  177  165    7  255  177  165    7  255  149  153    9  255   35  140    2  255   33  132    3  255   33  132    3  255   33  132    3  255   33  132    3  255   42  132   16  255   55  134   32  255   71  152   45  255   85  157   66  255   69  133   50  255   45   94   30  255  111  121  106  255  130  129  133  255  130  129  133  255  130  129  133  255  153  153  153  255  182  180  180  255
    0    0    0    0    0    0    0    0  223  223  228  255  231  230  236  255  151  148  112  255  123  112    5  255  147  138    8  255  165  148    8  255  164  153    5  255  164  153    5  255  164  153    5  255  164  153    5  255  164  153    5  255  164  153    5  255  147  138    8  255   33  132    3  255   33  132    3  255   33  132    3  255   33  132    3  255   42  132   16  255   55  134   32  255   71  152   45  255   85  157   66  255   71  152   45  255   45   94   30  255   95  110   92  255  135  132  139  255  130  129  133  255  125  125  128  255  130  129  133  255  164  164  166  255  184  183  187  255
    0    0    0    0    0    0    0    0    0    0    0    0  223  223  228  255  223  223  228  255  151  148  112  255  102  102    0  255  133  123    4  255  145  133    8  255  145  133    8  255  147  138    8  255  147  138    8  255  147  138    8  255  147  138    8  255  147  138    8  255   32  121    6  255   32  121    6  255   32  121    6  255   42  132   16  255   55  134   32  255   71  152   45  255   82  149   60  255   69  133   50  255   45   94   30  255   95  110   92  255  130  129  133  255  130  129  133  255  125  125  128  255  125  125  128  255  153  153  153  255  182  180  180  255  184  183  187  255
    0    0    0    0    0    0    0    0    0    0    0    0    0    0    0    0  223  223  228  255  223  223  228  255  152  152  140  255   96   90    9  255  102  102    0  255  123  112    5  255  133  123    4  255  133  123    4  255  133  123    4  255  133  123    4  255  133  123    4  255   32  121    6  255   32  121    6  255   41  118   17  255   48  119   28  255   55  134   32  255   55  134   32  255   48  119   28  255   45   94   30  255  111  121  106  255  135  132  139  255  130  129  133  255  125  125  128  255  125  125  128  255  141  141  142  255  173  173  174  255  190  190  192  255  184  183  187  255
    0    0    0    0    0    0    0    0    0    0    0    0    0    0    0    0    0    0    0    0  223  223  228  255  223  223  228  255  190  190  192  255  132  127   62  255   96   90    9  255  102  102    0  255  102  102    0  255  116  106    5  255  123  112    5  255  123  112    5  255   30  102    4  255   30  102    4  255   35  103   14  255   35  103   14  255   35  103   14  255   45   94   30  255   84  109   77  255  125  125  128  255  130  129  133  255  130  129  133  255  130  129  133  255  125  125  128  255  135  132  139  255  164  164  166  255  190  190  192  255    0    0    0    0    0    0    0    0
    0    0    0    0    0    0    0    0    0    0    0    0    0    0    0    0    0    0    0    0    0    0    0    0    0    0    0    0  223  223  228  255  215  215  219  255  182  180  180  255  136  135  102  255  112  110   66  255   96   90    9  255   96   90    9  255   84   77    4  255   22   77    4  255   22   77    4  255   33   84   17  255   54   86   41  255   84  109   77  255  111  121  106  255  135  132  139  255  130  129  133  255  125  125  128  255  125  125  128  255  125  125  128  255  135  132  139  255  164  164  166  255  184  183  187  255  190  190  192  255    0    0    0    0    0    0    0    0
    0    0    0    0    0    0    0    0    0    0    0    0    0    0    0    0    0    0    0    0    0    0    0    0    0    0    0    0    0    0    0    0  215  215  219  255  215  215  219  255  215  215  219  255  206  205  211  255  184  183  187  255  164  164  166  255  152  152  140  255  125  125  128  255  125  125  128  255  125  125  128  255  135  132  139  255  135  132  139  255  130  129  133  255  130  129  133  255  130  129  133  255  130  129  133  255  135  132  139  255  153  153  153  255  164  164  166  255  184  183  187  255    0    0    0    0    0    0    0    0    0    0    0    0    0    0    0    0
    0    0    0    0    0    0    0    0    0    0    0    0    0    0    0    0    0    0    0    0    0    0    0    0    0    0    0    0    0    0    0    0    0    0    0    0    0    0    0    0    0    0    0    0  206  205  211  255  206  205  211  255  206  205  211  255  206  205  211  255  190  190  192  255  173  173  174  255  164  164  166  255  153  153  153  255  153  153  153  255  141  141  142  255  141  141  142  255  141  141  142  255  153  153  153  255  173  173  174  255  184  183  187  255  190  190  192  255  190  190  192  255    0    0    0    0    0    0    0    0    0    0    0    0    0    0    0    0
    0    0    0    0    0    0    0    0    0    0    0    0    0    0    0    0    0    0    0    0    0    0    0    0    0    0    0    0    0    0    0    0    0    0    0    0    0    0    0    0    0    0    0    0    0    0    0    0    0    0    0    0  206  205  211  255  206  205  211  255  206  205  211  255  204  204  204  255  190  190  192  255  190  190  192  255  184  183  187  255  184  183  187  255  184  183  187  255  184  183  187  255  190  190  192  255  190  190  192  255    0    0    0    0    0    0    0    0    0    0    0    0    0    0    0    0    0    0    0    0    0    0    0    0    0    0    0    0
