   29   29
  143   97   97  255  154  102  104  255  162   97  101  255  159   90   95  255  185  119  121  255  179  117  118  255  177  116  115  255  179  119  118  255  180  116  117  255  179  117  118  255  180  118  121  255  175  113  116  255  184  120  121  255  180  114  116  255  181  115  116  255  182  116  117  255  181  117  117  255  181  117  117  255  179  115  115  255  179  118  117  255  179  117  118  255  180  120  120  255  180  120  119  255  176  116  115  255  179  119  118  255  156   95   94  255  160   89   93  255  163   97   99  255  153   94   98  255
  121   77   76  255  118   70   70  255  125   63   66  255  134   68   72  255  136   74   75  255  136   76   76  255  160  102  100  255  153   95   93  255  157   97   97  255  157   97   97  255  158   98  100  255  156   96   98  255  159   97   98  255  159   95   96  255  160   96   96  255  160   96   96  255  156   95   94  255  157   96   95  255  157   96   95  255  159   97   98  255  156   96   96  255  154   94   94  255  151   91   91  255  143   85   83  255  135   77   75  255  136   76   76  255  129   65   66  255  128   66   69  255  124   74   75  255
  104   66   65  255  105   64   62  255  118   62   63  255  119   59   61  255  119   63   62  255  119   65   63  255  114   60   58  255  116   62   60  255  114   58   59  255  114   58   59  255  116   60   61  255  118   62   63  255  115   57   56  255  119   59   59  255  120   62   61  255  120   62   61  255  120   60   60  255  120   60   60  255  118   58   58  255  120   60   62  255  121   61   63  255  120   61   63  255  122   63   65  255  114   58   57  255  116   62   60  255  112   58   56  255  117   61   62  255  111   61   62  255  102   67   65  255
   25    0    0  255  112   72   72  255  125   73   75  255  122   66   67  255  122   68   68  255  121   70   67  255  130   79   76  255  134   83   80  255  179  123  124  255  177  121  122  255  174  120  120  255  174  120  120  255  157   98  100  255  156   98   97  255  155   97   96  255  153   95   94  255  156   98   97  255  156   98   97  255  156   96   98  255  156   96   98  255  152   92   94  255  141   82   84  255  138   79   81  255  125   69   70  255  123   69   69  255  123   72   71  255  125   73   75  255  115   73   74  255   17    0    0  255
   24    0    0  255  116   76   76  255  119   67   69  255  125   69   70  255  125   71   71  255  127   73   73  255  140   86   84  255  133   79   77  255  175  116  118  255  175  116  118  255  174  118  121  255  175  119  120  255  155   95   97  255  157   97   99  255  157   97   97  255  156   98   97  255  153   94   96  255  156   96   98  255  157   95  100  255  158   96  101  255  157   95  100  255  144   82   87  255  142   80   85  255  128   67   72  255  125   69   72  255  125   70   73  255  117   67   70  255  115   76   77  255   13    0    0  255
   24    0    0  255  112   73   74  255  121   71   74  255  127   72   75  255  123   69   69  255  119   68   67  255  129   78   75  255  135   81   79  255  178  119  121  255  178  119  121  255  176  120  123  255  176  120  123  255  156   96   98  255  155   95   97  255  155   95   95  255  155   97   96  255  155   99  100  255  155   99  100  255  155   94   99  255  155   94   99  255  154   93   98  255  139   78   83  255  140   79   84  255  128   67   72  255  123   67   70  255  120   68   72  255  123   74   78  255  109   73   75  255   15    1    0  255
   18    0    0  255  114   83   81  255  115   69   71  255  120   70   71  255  122   72   71  255  119   71   69  255  138   88   87  255  131   81   80  255  174  119  122  255  174  119  122  255  172  120  122  255  170  118  120  255  155   99  100  255  153   97   98  255  153   97   96  255  152   98   96  255  147   97   96  255  147   99   97  255  150   98  100  255  154   99  102  255  155  100  103  255  137   82   85  255  140   84   87  255  124   69   72  255  122   70   74  255  121   72   75  255  119   73   76  255  108   76   77  255    9    0    0  255
   17    0    0  255   79   49   47  255   86   42   43  255   93   43   44  255   92   44   44  255   88   43   40  255   95   47   45  255  104   54   53  255  128   73   76  255  129   74   77  255  127   75   77  255  126   74   76  255  117   61   62  255  116   60   61  255  116   60   59  255  114   63   60  255  112   64   62  255  112   64   62  255  110   60   59  255  111   61   62  255  114   64   65  255   98   48   49  255  105   53   55  255   92   40   42  255   91   41   44  255   90   44   46  255   88   43   46  255   78   46   49  255    7    0    0  255
   18    0    0  255  142  112  110  255  158  114  115  255  156  106  107  255  158  110  110  255  156  108  106  255  162  112  111  255  165  115  114  255  183  128  131  255  182  127  130  255  182  127  130  255  185  130  133  255  172  116  117  255  175  119  120  255  174  118  117  255  173  119  117  255  172  121  118  255  169  120  116  255  171  120  117  255  171  120  119  255  172  122  121  255  162  112  111  255  167  116  115  255  159  108  107  255  158  108  109  255  157  108  111  255  156  110  113  255  148  114  115  255   10    0    0  255
   18    0    0  255  111   80   78  255  116   70   73  255  120   68   70  255  123   73   74  255  122   72   71  255  132   81   80  255  135   81   81  255  177  118  122  255  177  118  122  255  174  118  121  255  174  118  121  255  158   98  100  255  158   98  100  255  156   98   97  255  156   98   97  255  155   97   96  255  152   96   95  255  153   97   96  255  152   96   95  255  151   97   97  255  135   84   83  255  137   83   83  255  124   73   72  255  122   70   72  255  120   70   71  255  118   69   72  255  114   78   80  255   11    0    0  255
   25    0    0  255  110   74   74  255  118   67   72  255  126   70   73  255  124   68   71  255  123   67   68  255  139   80   82  255  138   79   81  255  178  116  119  255  179  117  120  255  178  118  120  255  176  116  118  255  158   93   97  255  157   92   96  255  154   92   93  255  157   93   93  255  160   94   95  255  160   94   95  255  160   96   97  255  158   96   97  255  156   96   96  255  139   81   80  255  138   80   79  255  123   67   66  255  124   68   69  255  124   69   72  255  122   70   74  255  111   71   72  255   17    0    0  255
   20    0    0  255  110   74   74  255  122   71   76  255  129   73   76  255  122   66   69  255  123   67   68  255  140   81   83  255  138   78   80  255  180  115  119  255  182  117  121  255  180  118  121  255  179  117  120  255  160   95   99  255  159   95   96  255  158   97   96  255  161   97   97  255  161   93   94  255  161   93   94  255  162   93   96  255  158   94   95  255  156   96   96  255  140   82   81  255  139   81   80  255  128   70   69  255  123   67   68  255  126   72   72  255  125   73   77  255  110   70   71  255   15    0    0  255
   18    0    0  255  110   79   77  255  117   71   74  255  123   68   71  255  123   68   71  255  125   71   71  255  137   81   82  255  134   78   79  255  177  117  119  255  178  118  120  255  177  118  120  255  176  117  119  255  156   96   96  255  155   95   95  255  154   96   94  255  156   96   95  255  158   96   97  255  159   95   96  255  159   95   96  255  156   94   95  255  155   97   96  255  138   82   81  255  137   81   80  255  126   70   69  255  125   71   71  255  122   71   70  255  121   71   74  255  112   73   74  255   12    0    0  255
   18    0    0  255  110   79   77  255  115   69   72  255  123   68   71  255  125   70   73  255  124   70   70  255  135   79   80  255  137   81   82  255  179  119  121  255  179  119  121  255  177  118  120  255  176  117  119  255  157   97   97  255  156   96   96  255  154   96   94  255  154   96   94  255  156   96   96  255  155   95   95  255  156   96   96  255  155   95   95  255  153   97   96  255  138   82   81  255  138   80   79  255  125   67   66  255  126   70   71  255  123   68   71  255  121   69   73  255  113   74   75  255   10    0    0  255
   20    0    0  255  110   74   74  255  119   68   73  255  127   71   74  255  126   70   73  255  123   67   68  255  137   79   78  255  140   80   80  255  180  115  119  255  181  116  120  255  179  117  120  255  178  116  119  255  158   96   97  255  157   95   96  255  156   96   95  255  155   97   95  255  155   97   96  255  154   95   97  255  156   97   99  255  155   96   98  255  154   98   99  255  142   83   85  255  141   81   81  255  129   67   68  255  127   65   68  255  127   66   71  255  126   69   75  255  117   72   77  255   13    0    0  255
   23    0    0  255  112   76   76  255  121   69   73  255  128   69   73  255  127   66   71  255  128   68   70  255  142   82   82  255  137   77   77  255  180  116  117  255  181  117  118  255  182  117  121  255  180  116  117  255  160   96   97  255  158   94   95  255  157   96   95  255  157   97   97  255  156   98   97  255  154   95   97  255  155   95   97  255  155   95   97  255  155   96   98  255  141   82   84  255  142   80   81  255  129   67   68  255  129   67   70  255  130   68   71  255  129   68   75  255  115   68   74  255   16    0    0  255
   20    0    0  255  113   77   77  255  121   69   73  255  126   65   70  255  131   66   72  255  133   68   72  255  137   77   77  255  137   79   78  255  178  118  118  255  180  119  118  255  183  117  119  255  182  116  118  255  161   95   97  255  159   95   96  255  157   95   96  255  157   97   97  255  155   97   96  255  155   95   95  255  157   95   96  255  157   95   96  255  156   96   96  255  140   82   81  255  140   80   80  255  128   68   68  255  130   72   71  255  126   66   68  255  126   63   71  255  122   76   79  255    8    0    0  255
   20    0    0  255  106   72   71  255  124   73   78  255  134   73   80  255  127   60   67  255  129   64   68  255  142   83   85  255  135   79   78  255  175  117  116  255  178  117  116  255  182  116  117  255  181  115  116  255  160   94   96  255  158   94   95  255  157   95   96  255  158   96   97  255  156   96   96  255  156   94   95  255  161   95   97  255  159   95   96  255  157   97   97  255  142   84   83  255  141   83   82  255  129   71   70  255  121   65   64  255  128   69   71  255  132   69   77  255  113   67   70  255   12    3    0  255
   18    0    0  255  110   76   75  255  119   68   73  255  125   66   72  255  130   65   71  255  128   66   69  255  134   78   79  255  136   82   80  255  179  121  120  255  181  121  121  255  183  119  120  255  182  116  118  255  160   95   99  255  156   94   97  255  156   94   97  255  157   95   98  255  160   95   99  255  159   93   97  255  162   93   98  255  159   93   97  255  156   94   97  255  139   80   82  255  137   78   80  255  123   67   68  255  126   72   72  255  127   71   72  255  129   68   75  255  120   73   79  255    8    0    0  255
   15    0    0  255  108   78   78  255  117   72   75  255  122   69   75  255  127   70   76  255  128   72   75  255  132   82   83  255  129   81   79  255  170  119  118  255  174  118  117  255  176  116  118  255  176  116  118  255  156   97   99  255  153   97   98  255  153   97   98  255  153   97   98  255  157   97   99  255  157   95   98  255  157   95   98  255  155   95   97  255  153   97   98  255  138   84   84  255  136   85   84  255  124   74   73  255  119   71   69  255  119   69   70  255  125   68   75  255  113   71   75  255    9    0    0  255
   12    0    0  255  135  116  112  255  152  118  117  255  147  105  107  255  155  109  111  255  156  110  110  255  154  114  112  255  158  118  116  255  176  132  131  255  177  132  129  255  180  130  131  255  183  133  134  255  167  117  118  255  169  121  121  255  169  121  121  255  168  122  122  255  167  121  121  255  165  119  119  255  169  121  121  255  169  121  121  255  169  125  124  255  156  115  113  255  158  117  115  255  148  107  105  255  153  113  111  255  153  111  112  255  156  110  113  255  148  113  117  255    6    0    0  255
   11    0    0  255   72   51   48  255   75   41   40  255   90   48   50  255   89   43   45  255   86   42   43  255   95   55   53  255   94   54   52  255  121   77   76  255  122   76   76  255  125   75   76  255  127   77   78  255  110   60   61  255  111   63   63  255  111   63   63  255  109   63   63  255  109   65   64  255  107   63   62  255  109   63   63  255  109   63   63  255  110   66   65  255   98   54   53  255   99   55   54  255   89   45   44  255   84   42   43  255   85   43   44  255   88   43   46  255   78   46   49  255    4    0    0  255
   22    0    0  255  111   77   76  255  120   74   77  255  121   68   74  255  120   65   70  255  125   70   75  255  134   84   85  255  130   80   81  255  175  120  123  255  178  119  123  255  178  117  122  255  177  116  121  255  156   97  101  255  155   96  100  255  154   95   99  255  154   95   99  255  155   99  100  255  153   97   98  255  155   96   98  255  155   95   97  255  154   95   99  255  139   80   84  255  138   79   83  255  125   69   72  255  122   70   72  255  122   72   75  255  121   70   75  255  111   75   77  255    7    0    0  255
   28    0    0  255  114   72   73  255  120   69   74  255  127   70   76  255  127   68   74  255  126   67   71  255  133   78   81  255  138   82   85  255  178  117  122  255  180  118  121  255  182  117  123  255  181  116  120  255  158   96  101  255  157   95   98  255  157   95  100  255  158   96   99  255  156   96   98  255  155   95   97  255  160   95   99  255  159   94   98  255  160   95  101  255  145   80   86  255  143   78   84  255  129   67   72  255  128   69   73  255  123   68   71  255  120   70   73  255  116   77   78  255   10    0    0  255
   28    0    0  255  119   78   76  255  117   67   70  255  125   69   72  255  127   71   74  255  123   67   68  255  136   82   82  255  136   82   82  255  178  118  120  255  180  118  119  255  181  116  120  255  184  120  121  255  153   93   95  255  157   97   97  255  157   95   98  255  158   96   97  255  155   95   95  255  156   96   96  255  158   96   97  255  156   94   95  255  155   93   96  255  145   83   86  255  139   77   80  255  128   68   70  255  125   69   70  255  122   70   72  255  123   75   75  255  114   76   75  255   13    0    0  255
   30    0    0  255  114   70   69  255  127   75   77  255  124   70   70  255  124   68   69  255  125   71   71  255  133   79   79  255  133   79   79  255  178  118  118  255  179  117  118  255  179  115  116  255  179  117  118  255  156   96   96  255  157   99   98  255  156   96   96  255  156   96   95  255  156   96   95  255  155   97   95  255  157   97   97  255  156   96   96  255  154   94   96  255  143   83   85  255  138   78   80  255  130   71   73  255  126   70   71  255  119   65   65  255  120   70   69  255  115   74   72  255   20    0    0  255
  108   64   61  255  110   62   60  255  111   60   59  255  117   61   62  255  116   62   62  255  115   61   59  255  119   65   63  255  119   63   62  255  120   58   59  255  123   59   60  255  121   59   60  255  123   63   63  255  115   57   56  255  118   60   59  255  119   59   58  255  120   60   59  255  120   60   59  255  117   59   55  255  118   60   58  255  120   62   60  255  119   63   62  255  114   58   57  255  120   62   61  255  116   60   59  255  118   62   61  255  118   62   61  255  117   61   60  255  112   61   60  255  111   67   66  255
  153  105  103  255  147   97   96  255  152   98   98  255  156  100  101  255  174  118  117  255  173  119  117  255  171  117  115  255  175  119  118  255  177  115  116  255  180  116  117  255  178  116  117  255  177  117  117  255  178  120  119  255  178  120  119  255  179  119  118  255  181  120  119  255  180  119  118  255  177  118  114  255  177  117  116  255  176  118  116  255  175  119  118  255  174  118  117  255  179  123  122  255  174  118  117  255  172  116  115  255  152   96   95  255  155   97   96  255  157  101  100  255  149   95   95  255
  120   69   68  255  121   67   67  255  134   75   77  255  127   68   70  255  130   74   75  255  137   81   82  255  156  100   99  255  154   96   95  255  160   96   97  255  161   97   98  255  158   96   97  255  154   94   94  255  156   98   97  255  153   95   94  255  153   93   93  255  157   93   93  255  160   94   95  255  160   94   95  255  162   98   99  255  158   96   97  255  156   96   98  255  155   95   97  255  153   94   96  255  138   79   81  255  139   81   80  255  130   72   71  255  124   68   67  255  125   69   68  255  126   67   69  255
