   32   32
    0    0    0    0    0    0    0    0    0    0    0    0    0    0    0    0    0    0    0    0    0    0    0    0    0    0    0    0    0    0    0    0    0    0    0    0    0    0    0    0    0    0    0    0    0    0    0    0    0    0    0    0  248  250  253  255  248  250  253  255  246  246  245  255    0    0    0    0    0    0    0    0    0    0    0    0    0    0    0    0    0    0    0    0    0    0    0    0    0    0    0    0    0    0    0    0    0    0    0    0    0    0    0    0    0    0    0    0    0    0    0    0    0    0    0    0    0    0    0    0    0    0    0    0    0    0    0    0
    0    0    0    0    0    0    0    0    0    0    0    0    0    0    0    0    0    0    0    0    0    0    0    0    0    0    0    0    0    0    0    0    0    0    0    0    0    0    0    0    0    0    0    0  246  246  245  255  230  230  233  255  191  201  228  255  191  201  228  255  214  213  213  255  214  213  213  255  223  222  227  255  230  230  233  255  230  230  233  255  230  230  233  255    0    0    0    0    0    0    0    0    0    0    0    0    0    0    0    0    0    0    0    0    0    0    0    0    0    0    0    0    0    0    0    0    0    0    0    0    0    0    0    0    0    0    0    0
    0    0    0    0    0    0    0    0    0    0    0    0    0    0    0    0    0    0    0    0    0    0    0    0    0    0    0    0    0    0    0    0    0    0    0    0  223  222  227  255  126  153  218  255   71  116  208  255   35   83  201  255    8   71  202  255   35   83  201  255  184  183  187  255  192  187  181  255  175  172  170  255  175  172  170  255  184  183  187  255  214  213  213  255  230  230  233  255  230  230  233  255    0    0    0    0    0    0    0    0    0    0    0    0    0    0    0    0    0    0    0    0    0    0    0    0    0    0    0    0    0    0    0    0    0    0    0    0
    0    0    0    0    0    0    0    0    0    0    0    0    0    0    0    0    0    0    0    0    0    0    0    0    0    0    0    0  230  230  233  255  126  153  218  255   23   84  221  255    0   72  239  255    0   72  239  255    0   72  239  255    0   72  239  255   37   94  228  255  215  214  220  255  216  213  206  255  206  203  197  255  192  187  181  255  165  162  156  255  153  153  153  255  175  172  170  255  214  213  213  255  230  230  233  255    0    0    0    0    0    0    0    0    0    0    0    0    0    0    0    0    0    0    0    0    0    0    0    0    0    0    0    0    0    0    0    0
    0    0    0    0    0    0    0    0    0    0    0    0    0    0    0    0    0    0    0    0    0    0    0    0  177  191  227  255   37   94  228  255    0   74  247  255    0   85  254  255    8   90  254  255    8   90  254  255    8   90  254  255    0   74  247  255   44  103  238  255  231  228  221  255  231  228  221  255  216  213  206  255  206  203  197  255  192  187  181  255  175  172  170  255  149  147  143  255  138  135  133  255  190  188  190  255  223  222  227  255    0    0    0    0    0    0    0    0    0    0    0    0    0    0    0    0    0    0    0    0    0    0    0    0    0    0    0    0
    0    0    0    0    0    0    0    0    0    0    0    0    0    0    0    0    0    0    0    0  144  167  225  255    4   75  233  255    0   85  254  255    8   90  254  255    8   90  254  255    8   90  254  255    8   90  254  255    8   90  254  255    0   85  254  255   44  103  238  255  237  234  227  255  237  234  227  255  224  221  215  255  216  213  206  255  206  203  197  255  192  187  181  255  175  172  170  255  149  147  143  255  115  115  112  255  175  172  170  255  223  222  227  255    0    0    0    0    0    0    0    0    0    0    0    0    0    0    0    0    0    0    0    0    0    0    0    0
    0    0    0    0    0    0    0    0    0    0    0    0    0    0    0    0  150  173  225  255    0   72  239  255    0   85  254  255    8   90  254  255    8   90  254  255    8   90  254  255    8   90  254  255    8   90  254  255    8   90  254  255    0   85  254  255   49  112  251  255  240  240  238  255  244  240  230  255  231  228  221  255  224  221  215  255  206  203  197  255  203  195  187  255  182  179  172  255  165  162  156  255  138  135  133  255  102  102  102  255  175  172  170  255  223  222  227  255    0    0    0    0    0    0    0    0    0    0    0    0    0    0    0    0    0    0    0    0
    0    0    0    0    0    0    0    0    0    0    0    0  191  201  228  255    4   75  233  255    0   85  254  255    6   95  247  255    8   90  254  255    8   90  254  255    8   90  254  255    8   98  255  255    8   98  255  255    8   98  255  255    0   85  254  255   49  112  251  255  240  240  238  255  240  240  238  255  236  229  224  255  224  221  215  255  216  213  206  255  206  203  197  255  192  187  181  255  179  172  162  255  160  157  149  255  132  130  123  255   99   96   91  255  195  195  197  255  215  214  220  255    0    0    0    0    0    0    0    0    0    0    0    0    0    0    0    0
    0    0    0    0    0    0    0    0  246  246  245  255   58   99  210  255    0   85  254  255    8   90  254  255    8   90  254  255    8   98  255  255    8   98  255  255    8   98  255  255   17  107  255  255   17  107  255  255   17  107  255  255    8   98  255  255   49  112  251  255  246  246  245  255  247  246  238  255  237  234  227  255  224  221  215  255  216  213  206  255  206  203  197  255  192  187  181  255  179  172  162  255  160  157  149  255  146  143  137  255  102  102  102  255  115  115  112  255  215  214  220  255    0    0    0    0    0    0    0    0    0    0    0    0    0    0    0    0
    0    0    0    0    0    0    0    0  150  173  225  255    0   72  239  255    8   90  254  255    8   90  254  255    8   98  255  255    8   98  255  255    8   98  255  255   17  107  255  255   29  121  255  255   41  131  254  255   41  131  254  255   29  121  255  255   70  142  251  255  248  250  253  255  247  246  238  255  237  234  227  255  224  221  215  255  216  213  206  255  206  203  197  255  192  187  181  255  182  179  172  255  165  162  156  255  146  143  137  255  124  123  116  255   83   81   76  255  175  172  170  255  215  214  220  255    0    0    0    0    0    0    0    0    0    0    0    0
    0    0    0    0  246  246  245  255   58   99  210  255    0   85  254  255    8   90  254  255    8   90  254  255    8   90  254  255    8   98  255  255   17  107  255  255   41  131  254  255   58  147  251  255   75  169  254  255   75  169  254  255   58  147  251  255   58  147  251  255  248  250  253  255  253  248  242  255  237  234  227  255  224  221  215  255  216  213  206  255  206  203  197  255  192  187  181  255  182  179  172  255  165  162  156  255  146  143  137  255  124  123  116  255   92   89   82  255  115  115  112  255  214  213  213  255    0    0    0    0    0    0    0    0    0    0    0    0
    0    0    0    0  191  201  228  255    4   75  219  255    8   90  254  255    8   90  254  255    8   90  254  255    8   90  254  255    8   98  255  255   29  121  255  255   58  147  251  255   98  188  254  255  119  208  254  255  119  208  254  255   88  174  253  255   88  174  253  255  248  250  253  255  253  248  242  255  237  234  227  255  224  221  215  255  216  213  206  255  206  203  197  255  192  187  181  255  182  179  172  255  165  162  156  255  149  147  143  255  124  123  116  255  102  102  102  255   83   81   76  255  181  181  180  255  214  213  213  255    0    0    0    0    0    0    0    0
    0    0    0    0  126  153  218  255    4   75  233  255    8   90  254  255    8   90  254  255    8   90  254  255    8   90  254  255   17  107  255  255   41  131  254  255   75  169  254  255  119  208  254  255  142  232  254  255  142  232  254  255   98  188  254  255   91  176  250  255  248  250  253  255  253  248  242  255  236  229  224  255  224  221  215  255  216  213  206  255  203  195  187  255  192  187  181  255  175  172  170  255  165  162  156  255  146  143  137  255  132  130  123  255  115  115  112  255   83   81   76  255  137  136  140  255  204  204  204  255  204  204  204  255    0    0    0    0
    0    0    0    0   71  116  208  255    0   72  239  255    6   95  247  255    8   90  254  255    8   90  254  255    8   90  254  255   17  107  255  255   41  131  254  255   75  169  254  255  119  208  254  255  132  211  253  255  132  211  253  255   91  176  250  255   96  160  248  255  248  250  253  255  247  246  238  255  224  221  215  255  216  213  206  255  206  203  197  255  203  195  187  255  192  187  181  255  175  172  170  255  160  157  149  255  146  143  137  255  132  130  123  255  115  115  112  255   83   81   76  255  102  102  102  255  184  183  187  255  204  204  204  255    0    0    0    0
  246  246  245  255   58   99  210  255    0   72  239  255    0   74  247  255    0   85  254  255    0   85  254  255    0   85  254  255    0   85  254  255   17  107  255  255   52  145  252  255   75  169  254  255   91  176  250  255   88  174  253  255   52  145  252  255   70  142  251  255  248  250  253  255  244  240  230  255  232  224  212  255  232  224  212  255  206  203  197  255  203  195  187  255  193  188  168  255  179  172  162  255  160  157  149  255  149  147  143  255  141  132  123  255  115  115  112  255   92   89   82  255   92   89   82  255  164  164  166  255  195  195  197  255    0    0    0    0
  240  240  238  255   97  137  212  255  104  144  222  255  131  168  243  255  131  168  243  255  140  176  249  255  140  176  249  255  140  176  249  255  155  184  247  255  153  204  255  255  176  215  254  255  176  215  254  255  176  215  254  255  176  215  254  255  155  184  247  255  104  144  222  255  104  144  222  255   97  137  212  255   97  137  212  255   88  121  182  255   88  121  182  255   83  115  171  255   83  115  171  255   75   99  147  255   75   99  147  255   64   88  122  255   64   88  122  255   44   59   83  255   60   73   94  255  153  153  153  255  184  183  187  255    0    0    0    0
  240  240  238  255  203  195  187  255  232  224  212  255  244  240  230  255  253  248  242  255  253  248  242  255  253  248  242  255  248  250  253  255  248  250  253  255  248  250  253  255  248  250  253  255  248  250  253  255  248  250  253  255  248  250  253  255  223  222  227  255    4   75  219  255    0   61  218  255    0   61  218  255    0   65  201  255    0   65  201  255    0   57  173  255    0   57  173  255    0   51  153  255    0   51  153  255    0   51  153  255    5   49  133  255    1   36  108  255    0   27   82  255   44   59   83  255  137  136  140  255  164  164  166  255  190  188  190  255
  240  240  238  255  190  188  190  255  206  203  197  255  224  221  215  255  237  234  227  255  237  234  227  255  244  240  230  255  247  246  238  255  247  246  238  255  247  246  238  255  247  246  238  255  247  246  238  255  247  246  238  255  244  240  230  255  191  201  228  255    4   75  219  255    0   65  201  255    0   65  201  255    0   65  201  255    2   64  186  255    0   57  173  255    2   56  163  255    2   56  163  255    0   51  153  255    5   49  133  255    5   49  133  255    7   45  116  255    0   27   82  255   60   73   94  255  138  135  133  255  153  153  153  255  184  183  187  255
  246  246  245  255  195  195  197  255  192  187  181  255  216  213  206  255  224  221  215  255  231  228  221  255  231  228  221  255  237  234  227  255  237  234  227  255  237  234  227  255  237  234  227  255  237  234  227  255  231  228  221  255  232  224  212  255  179  187  200  255    8   71  202  255    0   65  201  255    0   65  201  255    2   64  186  255    3   62  179  255    2   56  163  255    2   56  163  255    0   51  153  255    5   49  133  255    5   49  133  255    5   49  133  255   13   44  105  255    0   27   82  255   78   89  106  255  138  135  133  255  153  153  153  255  181  181  180  255
  246  246  245  255  204  204  204  255  175  172  170  255  206  203  197  255  216  213  206  255  224  221  215  255  224  221  215  255  231  228  221  255  231  228  221  255  231  228  221  255  224  221  215  255  224  221  215  255  216  213  206  255  216  213  206  255  179  187  200  255    8   71  202  255    2   64  186  255    2   64  186  255    3   62  179  255    3   62  179  255    2   56  163  255    2   56  163  255    0   51  153  255    5   49  133  255    5   49  133  255    5   49  133  255   13   44  105  255    0   27   82  255  106  107  115  255  132  131  132  255  149  147  143  255  175  172  170  255
    0    0    0    0  223  222  227  255  164  164  166  255  192  187  181  255  206  203  197  255  206  203  197  255  216  213  206  255  216  213  206  255  216  213  206  255  216  213  206  255  216  213  206  255  216  213  206  255  206  203  197  255  206  203  197  255  163  169  181  255    2   64  186  255    2   64  186  255    3   62  179  255    3   62  179  255    2   56  163  255    0   51  153  255    0   51  153  255    0   51  153  255   12   58  147  255   16   60  142  255   28   64  132  255   13   44  105  255   44   59   83  255  132  131  132  255  132  131  132  255  137  136  140  255  175  172  170  255
    0    0    0    0  240  240  238  255  181  181  180  255  165  162  156  255  192  187  181  255  203  195  187  255  206  203  197  255  206  203  197  255  206  203  197  255  206  203  197  255  206  203  197  255  206  203  197  255  203  195  187  255  203  195  187  255  163  169  181  255    3   62  179  255    0   57  173  255    2   56  163  255    2   56  163  255    2   56  163  255    2   56  163  255   12   58  147  255   12   58  147  255   12   58  147  255   30   71  149  255   28   64  132  255   13   44  105  255   84   95  119  255  132  131  132  255  132  131  132  255  137  136  140  255  175  172  170  255
    0    0    0    0  230  230  233  255  215  214  220  255  149  147  143  255  165  162  156  255  182  179  172  255  192  187  181  255  192  187  181  255  192  187  181  255  192  187  181  255  192  187  181  255  192  187  181  255  192  187  181  255  192  187  181  255  152  158  170  255    3   62  179  255    2   56  163  255    2   56  163  255    2   56  163  255    2   56  163  255   12   58  147  255   12   58  147  255   27   72  157  255   42   82  159  255   42   82  159  255   28   64  132  255   43   62  103  255  132  131  132  255  132  131  132  255  132  131  132  255  146  143  137  255  175  172  170  255
    0    0    0    0  230  230  233  255  230  230  233  255  190  188  190  255  138  135  133  255  160  157  149  255  175  172  170  255  175  172  170  255  182  179  172  255  182  179  172  255  182  179  172  255  182  179  172  255  175  172  170  255  179  172  162  255  153  153  153  255    2   56  163  255    2   56  163  255    0   51  153  255    0   51  153  255    0   51  153  255   12   58  147  255   27   72  157  255   48   89  167  255   63   97  164  255   47   83  140  255   27   54  107  255  106  107  115  255  132  131  132  255  132  131  132  255  132  131  132  255  153  153  153  255  181  181  180  255
    0    0    0    0    0    0    0    0  230  230  233  255  230  230  233  255  165  162  156  255  124  123  116  255  149  147  143  255  160  157  149  255  165  162  156  255  165  162  156  255  165  162  156  255  165  162  156  255  165  162  156  255  165  162  156  255  134  141  150  255   12   58  147  255    0   51  153  255    0   51  153  255   12   58  147  255   12   58  147  255   27   72  157  255   48   89  167  255   63   97  164  255   48   89  167  255   27   57  112  255   84   95  119  255  132  131  132  255  132  131  132  255  132  131  132  255  132  131  132  255  164  164  166  255  184  183  187  255
    0    0    0    0    0    0    0    0    0    0    0    0  223  222  227  255  223  222  227  255  153  153  153  255  102  102  102  255  132  130  123  255  146  143  137  255  146  143  137  255  146  143  137  255  149  147  143  255  149  147  143  255  149  147  143  255  122  127  137  255    5   49  133  255    5   49  133  255    5   49  133  255   16   60  142  255   30   71  149  255   42   82  159  255   63   97  164  255   47   83  140  255   27   57  112  255   84   95  119  255  132  131  132  255  132  131  132  255  132  131  132  255  132  131  132  255  149  147  143  255  181  181  180  255  184  183  187  255
    0    0    0    0    0    0    0    0    0    0    0    0    0    0    0    0  223  222  227  255  223  222  227  255  165  162  156  255   99   96   91  255  102  102  102  255  124  123  116  255  132  130  123  255  132  130  123  255  132  130  123  255  141  132  123  255  122  123  132  255    5   49  133  255    5   49  133  255    5   49  133  255   28   64  132  255   30   71  149  255   30   71  149  255   28   64  132  255   27   57  112  255  106  107  115  255  138  135  133  255  132  130  123  255  132  130  123  255  122  123  132  255  149  147  143  255  175  172  170  255  190  188  190  255  184  183  187  255
    0    0    0    0    0    0    0    0    0    0    0    0    0    0    0    0    0    0    0    0  223  222  227  255  223  222  227  255  190  188  190  255  132  130  123  255   99   96   91  255   99   96   91  255  115  115  112  255  115  115  112  255  124  123  116  255  106  107  115  255    7   45  116  255    7   45  116  255   13   49  115  255   13   49  115  255   13   49  115  255   27   54  107  255   64   88  122  255  122  123  132  255  138  135  133  255  122  123  132  255  122  123  132  255  122  123  132  255  137  136  140  255  164  164  166  255  190  188  190  255    0    0    0    0    0    0    0    0
    0    0    0    0    0    0    0    0    0    0    0    0    0    0    0    0    0    0    0    0    0    0    0    0    0    0    0    0  223  222  227  255  215  214  220  255  181  181  180  255  138  135  133  255  115  115  112  255   99   96   91  255   92   89   82  255   92   89   82  255    0   27   82  255    0   27   82  255   13   44  105  255   43   62  103  255   78   89  106  255  122  123  132  255  138  135  133  255  132  131  132  255  122  123  132  255  122  123  132  255  122  123  132  255  137  136  140  255  164  164  166  255  184  183  187  255  190  188  190  255    0    0    0    0    0    0    0    0
    0    0    0    0    0    0    0    0    0    0    0    0    0    0    0    0    0    0    0    0    0    0    0    0    0    0    0    0    0    0    0    0  214  213  213  255  214  213  213  255  215  214  220  255  204  204  204  255  184  183  187  255  164  164  166  255  153  153  153  255  122  127  137  255  122  123  132  255  122  123  132  255  138  135  133  255  138  135  133  255  132  131  132  255  132  131  132  255  132  131  132  255  132  131  132  255  137  136  140  255  153  153  153  255  164  164  166  255  184  183  187  255    0    0    0    0    0    0    0    0    0    0    0    0    0    0    0    0
    0    0    0    0    0    0    0    0    0    0    0    0    0    0    0    0    0    0    0    0    0    0    0    0    0    0    0    0    0    0    0    0    0    0    0    0    0    0    0    0    0    0    0    0  214  213  213  255  214  213  213  255  214  213  213  255  204  204  204  255  190  188  190  255  175  172  170  255  164  164  166  255  153  153  153  255  149  147  143  255  149  147  143  255  149  147  143  255  149  147  143  255  165  162  156  255  175  172  170  255  184  183  187  255  190  188  190  255  190  188  190  255    0    0    0    0    0    0    0    0    0    0    0    0    0    0    0    0
    0    0    0    0    0    0    0    0    0    0    0    0    0    0    0    0    0    0    0    0    0    0    0    0    0    0    0    0    0    0    0    0    0    0    0    0    0    0    0    0    0    0    0    0    0    0    0    0    0    0    0    0  204  204  204  255  204  204  204  255  204  204  204  255  204  204  204  255  195  195  197  255  195  195  197  255  184  183  187  255  184  183  187  255  184  183  187  255  184  183  187  255  190  188  190  255  190  188  190  255    0    0    0    0    0    0    0    0    0    0    0    0    0    0    0    0    0    0    0    0    0    0    0    0    0    0    0    0
