   32   32
    0    0    0    0    0    0    0    0    0    0    0    0    0    0    0    0    0    0    0    0    0    0    0    0    0    0    0    0    0    0    0    0    0    0    0    0    0    0    0    0    0    0    0    0    0    0    0    0    0    0    0    0  245  246  253  255  245  246  253  255  245  246  253  255    0    0    0    0    0    0    0    0    0    0    0    0    0    0    0    0    0    0    0    0    0    0    0    0    0    0    0    0    0    0    0    0    0    0    0    0    0    0    0    0    0    0    0    0    0    0    0    0    0    0    0    0    0    0    0    0    0    0    0    0    0    0    0    0
    0    0    0    0    0    0    0    0    0    0    0    0    0    0    0    0    0    0    0    0    0    0    0    0    0    0    0    0    0    0    0    0    0    0    0    0    0    0    0    0    0    0    0    0  245  246  253  255  231  231  230  255  221  219  204  255  217  212  187  255  217  212  187  255  217  212  187  255  222  222  222  255  230  231  239  255  230  231  239  255  230  231  239  255    0    0    0    0    0    0    0    0    0    0    0    0    0    0    0    0    0    0    0    0    0    0    0    0    0    0    0    0    0    0    0    0    0    0    0    0    0    0    0    0    0    0    0    0
    0    0    0    0    0    0    0    0    0    0    0    0    0    0    0    0    0    0    0    0    0    0    0    0    0    0    0    0    0    0    0    0    0    0    0    0  235  232  222  255  223  214  150  255  197  185   79  255  199  186   50  255  198  178   25  255  198  178   25  255  192  172   19  255  181  162   24  255  177  158   52  255  171  163   80  255  179  177  127  255  208  209  212  255  230  231  239  255  223  223  231  255    0    0    0    0    0    0    0    0    0    0    0    0    0    0    0    0    0    0    0    0    0    0    0    0    0    0    0    0    0    0    0    0    0    0    0    0
    0    0    0    0    0    0    0    0    0    0    0    0    0    0    0    0    0    0    0    0    0    0    0    0    0    0    0    0  235  232  222  255  221  209  129  255  220  204   48  255  227  201   12  255  231  207   25  255  231  207   25  255  231  207   25  255  222  206   25  255  220  194   31  255  214  189   24  255  198  178   25  255  183  164   17  255  166  145   16  255  150  133   38  255  161  157  119  255  214  215  219  255  223  223  231  255    0    0    0    0    0    0    0    0    0    0    0    0    0    0    0    0    0    0    0    0    0    0    0    0    0    0    0    0    0    0    0    0
    0    0    0    0    0    0    0    0    0    0    0    0    0    0    0    0    0    0    0    0    0    0    0    0  227  221  184  255  220  204   48  255  227  211   17  255  247  220   27  255  247  220   27  255  246  223   33  255  246  223   33  255  246  223   33  255  237  214   31  255  237  214   31  255  222  206   25  255  217  196   26  255  207  183   24  255  192  172   19  255  174  156   18  255  147  130    6  255  141  125   35  255  190  187  178  255  223  223  231  255    0    0    0    0    0    0    0    0    0    0    0    0    0    0    0    0    0    0    0    0    0    0    0    0    0    0    0    0
    0    0    0    0    0    0    0    0    0    0    0    0    0    0    0    0    0    0    0    0  223  214  150  255  231  207   25  255  247  220   27  255  248  229   33  255  248  229   33  255  248  229   33  255  248  229   33  255  248  229   33  255  248  229   33  255  246  223   33  255  239  221   31  255  231  207   25  255  231  207   25  255  217  196   26  255  207  183   24  255  192  173   26  255  174  156   18  255  147  130    6  255  123  107   12  255  174  171  154  255  223  223  231  255    0    0    0    0    0    0    0    0    0    0    0    0    0    0    0    0    0    0    0    0    0    0    0    0
    0    0    0    0    0    0    0    0    0    0    0    0    0    0    0    0  223  214  150  255  227  211   17  255  255  230   31  255  255  230   31  255  255  230   31  255  255  230   31  255  255  230   31  255  255  230   31  255  255  230   31  255  255  230   31  255  255  230   31  255  246  223   33  255  246  223   33  255  231  210   32  255  222  206   25  255  214  189   24  255  198  178   25  255  187  166   27  255  172  151   23  255  147  130   15  255  107   95   23  255  174  171  154  255  222  222  222  255    0    0    0    0    0    0    0    0    0    0    0    0    0    0    0    0    0    0    0    0
    0    0    0    0    0    0    0    0    0    0    0    0  229  227  192  255  222  206   25  255  247  220   27  255  253  235   38  255  255  239   33  255  255  239   33  255  255  239   33  255  255  239   33  255  255  239   33  255  255  239   33  255  255  239   33  255  255  239   33  255  255  230   31  255  247  220   27  255  237  214   31  255  231  207   25  255  217  196   26  255  207  183   24  255  192  173   26  255  181  162   24  255  158  140   17  255  134  115   16  255  107   95   23  255  189  189  191  255  214  215  219  255    0    0    0    0    0    0    0    0    0    0    0    0    0    0    0    0
    0    0    0    0    0    0    0    0  245  244  242  255  221  203   64  255  239  219   24  255  255  230   31  255  255  230   31  255  255  230   31  255  255  239   33  255  255  249   36  255  255  249   36  255  255  255   51  255  255  255   51  255  255  247   44  255  255  247   44  255  255  230   31  255  247  220   27  255  247  220   27  255  231  207   25  255  222  195   24  255  214  189   24  255  198  178   25  255  183  164   17  255  165  146   23  255  147  130   26  255  114  101    2  255  123  115   73  255  214  215  219  255    0    0    0    0    0    0    0    0    0    0    0    0    0    0    0    0
    0    0    0    0    0    0    0    0  223  214  150  255  227  211   17  255  248  229   33  255  255  239   33  255  255  239   33  255  255  239   33  255  255  249   36  255  255  255   51  255  254  255   58  255  254  255   58  255  255  255   70  255  255  255   70  255  255  255   51  255  255  239   33  255  255  230   31  255  245  216   27  255  237  210   25  255  222  195   24  255  214  189   24  255  198  178   25  255  189  167   18  255  173  151   16  255  147  130   15  255  134  115   16  255   91   77    9  255  174  171  154  255  214  215  219  255    0    0    0    0    0    0    0    0    0    0    0    0
    0    0    0    0  245  244  242  255  221  203   64  255  239  219   24  255  248  229   33  255  255  239   33  255  255  239   33  255  255  249   36  255  255  255   51  255  255  255   70  255  255  255   81  255  255  255  102  255  255  255  102  255  255  255   81  255  255  255   70  255  255  247   44  255  255  230   31  255  245  216   27  255  237  210   25  255  222  195   24  255  214  189   24  255  207  183   24  255  189  167   18  255  174  156   18  255  157  138   24  255  134  115   16  255   99   88    6  255  123  115   73  255  214  215  219  255    0    0    0    0    0    0    0    0    0    0    0    0
    0    0    0    0  229  227  192  255  222  195   24  255  246  223   33  255  248  229   33  255  255  239   33  255  255  239   33  255  255  249   36  255  254  255   58  255  255  255   81  255  255  255  123  255  255  255  141  255  255  255  141  255  255  255  109  255  255  255   81  255  254  255   58  255  253  235   38  255  247  220   27  255  237  210   25  255  222  206   25  255  214  189   24  255  207  183   24  255  189  167   18  255  174  156   18  255  158  140   17  255  140  123   17  255  114  101    2  255   91   77    9  255  182  181  181  255  208  209  212  255    0    0    0    0    0    0    0    0
    0    0    0    0  221  209  129  255  227  201   12  255  239  221   31  255  248  229   33  255  255  230   31  255  255  239   33  255  255  247   44  255  255  255   70  255  255  255  102  255  255  255  141  255  255  255  153  255  255  255  153  255  255  255  123  255  255  255   81  255  254  255   58  255  253  235   38  255  247  220   27  255  237  210   25  255  222  195   24  255  214  189   24  255  207  183   24  255  192  172   19  255  174  156   18  255  158  140   17  255  140  123   17  255  123  107   12  255   91   77    9  255  140  138  124  255  208  209  212  255  204  204  204  255    0    0    0    0
    0    0    0    0  197  185   95  255  231  207   25  255  239  221   31  255  248  229   33  255  255  230   31  255  255  239   33  255  255  247   44  255  255  255   70  255  255  255  102  255  255  255  141  255  255  255  141  255  255  255  141  255  255  255  109  255  255  255   81  255  255  255   51  255  248  229   33  255  245  216   27  255  231  207   25  255  222  195   24  255  214  189   24  255  198  178   25  255  189  167   18  255  174  156   18  255  158  140   17  255  147  130   15  255  123  107   12  255   91   77    9  255  108  106   81  255  189  189  191  255  204  204  204  255    0    0    0    0
  245  246  253  255  197  185   79  255  222  206   25  255  237  214   31  255  246  223   33  255  255  230   31  255  255  230   31  255  255  247   44  255  255  255   51  255  255  255   81  255  255  255  109  255  255  255  109  255  255  255  109  255  255  255   81  255  255  255   70  255  255  247   44  255  248  229   33  255  245  216   27  255  231  204   29  255  222  195   24  255  214  189   24  255  198  178   25  255  183  164   17  255  173  151   16  255  158  140   17  255  147  130   15  255  134  115   16  255   99   88    6  255   88   84   47  255  164  163  166  255  196  196  198  255    0    0    0    0
  238  238  248  255  190  181   72  255  222  195   24  255  231  210   32  255  246  223   33  255  246  223   33  255  255  230   31  255  255  239   33  255  255  247   44  255  254  255   58  255  255  255   70  255  255  255   81  255  255  255   81  255  254  255   58  255  255  247   44  255  253  235   38  255  245  216   27  255  237  210   25  255  222  195   24  255  222  195   24  255  207  183   24  255  192  172   19  255  183  164   17  255  173  151   16  255  158  140   17  255  147  130   15  255  134  115   16  255  104   89    6  255   88   84   47  255  144  145  147  255  184  184  187  255    0    0    0    0
  238  238  248  255  190  181   72  255  214  189   24  255  231  204   29  255  239  221   31  255  246  223   33  255  246  223   33  255  255  230   31  255  255  239   33  255  255  247   44  255  255  247   44  255  254  255   58  255  255  255   51  255  255  247   44  255  248  229   33  255  239  219   24  255  237  210   25  255  231  207   25  255  217  196   26  255  214  189   24  255  198  178   25  255  189  167   18  255  180  158   18  255  173  151   16  255  158  140   17  255  147  130   15  255  134  115   16  255  104   89    6  255   88   84   47  255  131  130  139  255  164  163  166  255  189  189  191  255
  238  238  248  255  197  185   95  255  207  183   24  255  217  196   26  255  231  210   32  255  237  214   31  255  246  223   33  255  246  223   33  255  246  223   33  255  255  230   31  255  253  235   38  255  253  235   38  255  253  235   38  255  248  229   33  255  239  219   24  255  237  210   25  255  231  207   25  255  222  195   24  255  214  189   24  255  207  183   24  255  192  172   19  255  183  164   17  255  174  156   18  255  166  145   16  255  158  140   17  255  147  130   15  255  134  115   16  255   99   88    6  255   99   96   66  255  130  131  132  255  153  153  153  255  184  184  187  255
  245  246  253  255  194  184  127  255  189  167   18  255  214  189   24  255  222  206   25  255  231  210   32  255  237  214   31  255  237  214   31  255  245  216   27  255  245  216   27  255  245  216   27  255  245  216   27  255  245  216   27  255  245  216   27  255  231  207   25  255  231  207   25  255  222  195   24  255  214  189   24  255  207  183   24  255  198  178   25  255  189  167   18  255  181  162   24  255  173  151   16  255  166  145   16  255  157  138   24  255  147  130   26  255  132  116   26  255   99   88    6  255  108  106   81  255  131  130  139  255  144  145  147  255  182  181  181  255
  245  246  253  255  217  212  187  255  174  156   18  255  198  178   25  255  214  189   24  255  222  206   25  255  222  206   25  255  231  207   25  255  231  207   25  255  237  210   25  255  237  210   25  255  237  210   25  255  231  207   25  255  231  207   25  255  231  207   25  255  217  196   26  255  214  189   24  255  207  183   24  255  198  178   25  255  192  172   19  255  183  164   17  255  174  156   18  255  174  156   18  255  166  145   16  255  157  138   24  255  147  130   26  255  132  116   26  255  100   91   13  255  125  123  109  255  130  131  132  255  140  140  140  255  172  172  174  255
    0    0    0    0  223  223  231  255  165  150   50  255  183  164   17  255  207  183   24  255  214  189   24  255  217  196   26  255  217  196   26  255  217  196   26  255  217  196   26  255  222  206   25  255  222  195   24  255  222  195   24  255  222  195   24  255  222  195   24  255  214  189   24  255  207  183   24  255  198  178   25  255  192  172   19  255  189  167   18  255  180  158   18  255  173  151   16  255  173  151   16  255  165  146   23  255  158  141   32  255  150  133   38  255  123  107   12  255  105   98   44  255  128  127  131  255  128  127  131  255  140  140  140  255  172  172  174  255
    0    0    0    0  238  238  248  255  179  177  127  255  158  140   17  255  187  166   27  255  198  178   25  255  207  183   24  255  214  189   24  255  214  189   24  255  214  189   24  255  214  189   24  255  214  189   24  255  214  189   24  255  214  189   24  255  207  183   24  255  207  183   24  255  192  172   19  255  192  172   19  255  183  164   17  255  183  164   17  255  174  156   18  255  172  151   23  255  172  151   23  255  172  151   23  255  165  150   50  255  150  133   38  255  107   95   23  255  119  116   91  255  131  130  139  255  125  126  125  255  140  140  140  255  172  172  174  255
    0    0    0    0  230  231  239  255  222  222  222  255  150  133   38  255  166  145   16  255  181  162   24  255  192  172   19  255  198  178   25  255  198  178   25  255  198  178   25  255  198  178   25  255  198  178   25  255  198  178   25  255  198  178   25  255  192  172   19  255  192  172   19  255  192  172   19  255  181  162   24  255  181  162   24  255  174  156   18  255  172  151   23  255  172  151   23  255  174  155   37  255  177  158   52  255  169  152   59  255  141  125   35  255  113  103   50  255  128  127  131  255  128  127  131  255  128  127  131  255  140  140  140  255  172  172  174  255
    0    0    0    0    0    0    0    0  230  231  239  255  186  184  161  255  134  115   16  255  165  146   23  255  172  151   23  255  183  164   17  255  189  167   18  255  189  167   18  255  189  167   18  255  189  167   18  255  189  167   18  255  189  167   18  255  189  167   18  255  180  158   18  255  180  158   18  255  180  158   18  255  174  156   18  255  172  151   23  255  172  151   23  255  174  155   37  255  183  165   56  255  183  165   56  255  157  140   49  255  121  108   36  255  125  123  109  255  131  130  139  255  128  127  131  255  128  127  131  255  153  153  153  255  182  181  181  255
    0    0    0    0    0    0    0    0    0    0    0    0  230  231  239  255  161  157  119  255  123  107   12  255  158  140   17  255  165  146   23  255  165  146   23  255  174  156   18  255  174  156   18  255  174  156   18  255  173  151   16  255  173  151   16  255  173  151   16  255  173  151   16  255  173  151   16  255  173  151   16  255  173  151   16  255  172  151   23  255  174  155   37  255  183  165   56  255  183  165   56  255  165  150   50  255  121  108   36  255  126  120   93  255  131  130  139  255  128  127  131  255  128  127  131  255  128  127  131  255  164  163  166  255  184  184  187  255
    0    0    0    0    0    0    0    0    0    0    0    0    0    0    0    0  223  223  231  255  152  144  115  255  114  101    2  255  140  123   17  255  147  130   26  255  157  138   24  255  158  140   17  255  158  140   17  255  158  140   17  255  158  140   17  255  158  140   17  255  158  140   17  255  158  140   17  255  158  140   17  255  165  146   23  255  174  155   37  255  177  158   52  255  177  158   52  255  157  140   49  255  132  116   26  255  126  120   93  255  131  130  139  255  128  127  131  255  128  127  131  255  128  127  131  255  144  145  147  255  182  181  181  255    0    0    0    0
    0    0    0    0    0    0    0    0    0    0    0    0    0    0    0    0    0    0    0    0  223  223  231  255  162  157  139  255  107   95   23  255  114  101    2  255  134  115   16  255  140  123   17  255  147  130   15  255  147  130   15  255  147  130   15  255  147  130   15  255  147  130   15  255  147  130   15  255  157  138   24  255  158  141   32  255  157  140   49  255  157  140   49  255  141  125   35  255  121  108   36  255  125  123  109  255  130  131  132  255  130  131  132  255  125  126  125  255  125  126  125  255  140  140  140  255  172  172  174  255    0    0    0    0    0    0    0    0
    0    0    0    0    0    0    0    0    0    0    0    0    0    0    0    0    0    0    0    0    0    0    0    0  223  223  231  255  189  189  191  255  123  115   73  255  100   91   13  255  114  101    2  255  123  107   12  255  134  115   16  255  134  115   16  255  134  115   16  255  134  115   16  255  134  115   16  255  132  116   26  255  132  116   26  255  132  116   26  255  121  108   36  255  123  115   73  255  125  126  125  255  130  131  132  255  130  131  132  255  130  131  132  255  125  126  125  255  131  130  139  255  164  163  166  255    0    0    0    0    0    0    0    0    0    0    0    0
    0    0    0    0    0    0    0    0    0    0    0    0    0    0    0    0    0    0    0    0    0    0    0    0    0    0    0    0  222  222  222  255  222  222  222  255  182  181  181  255  138  136  103  255  113  103   50  255  100   91   13  255   99   88    6  255   99   88    6  255   99   88    6  255  100   91   13  255  107   95   23  255  113  103   50  255  123  115   73  255  125  126  125  255  131  130  139  255  131  130  139  255  128  127  131  255  125  126  125  255  125  126  125  255  131  130  139  255  164  163  166  255    0    0    0    0    0    0    0    0    0    0    0    0    0    0    0    0
    0    0    0    0    0    0    0    0    0    0    0    0    0    0    0    0    0    0    0    0    0    0    0    0    0    0    0    0    0    0    0    0  214  215  219  255  214  215  219  255  214  215  219  255  208  209  212  255  184  184  187  255  174  171  154  255  162  157  139  255  140  138  124  255  125  123  109  255  125  126  125  255  130  131  132  255  131  130  139  255  128  127  131  255  128  127  131  255  128  127  131  255  128  127  131  255  140  140  140  255  153  153  153  255  172  172  174  255  184  184  187  255    0    0    0    0    0    0    0    0    0    0    0    0    0    0    0    0
    0    0    0    0    0    0    0    0    0    0    0    0    0    0    0    0    0    0    0    0    0    0    0    0    0    0    0    0    0    0    0    0    0    0    0    0    0    0    0    0    0    0    0    0  208  209  212  255  208  209  212  255  208  209  212  255  208  209  212  255  189  189  191  255  172  172  174  255  164  163  166  255  153  153  153  255  144  145  147  255  144  145  147  255  144  145  147  255  144  145  147  255  153  153  153  255  172  172  174  255  184  184  187  255    0    0    0    0    0    0    0    0    0    0    0    0    0    0    0    0    0    0    0    0    0    0    0    0
    0    0    0    0    0    0    0    0    0    0    0    0    0    0    0    0    0    0    0    0    0    0    0    0    0    0    0    0    0    0    0    0    0    0    0    0    0    0    0    0    0    0    0    0    0    0    0    0    0    0    0    0  208  209  212  255  208  209  212  255  204  204  204  255  204  204  204  255  196  196  198  255  196  196  198  255  189  189  191  255  189  189  191  255  184  184  187  255  184  184  187  255  189  189  191  255  189  189  191  255    0    0    0    0    0    0    0    0    0    0    0    0    0    0    0    0    0    0    0    0    0    0    0    0    0    0    0    0
