   33   33
    0    0    0    0    0    0    0    0    0    0    0    0    0    0    0    0    0    0    0    0    0    0    0    0    0    0    0    0    0    0    0    0    0    0    0    0    0    0    0    0    0    0    0    0    0    0    0    0    0    0    0    0  248  248  251  255  248  248  251  255  248  248  251  255    0    0    0    0    0    0    0    0    0    0    0    0    0    0    0    0    0    0    0    0    0    0    0    0    0    0    0    0    0    0    0    0    0    0    0    0    0    0    0    0    0    0    0    0    0    0    0    0    0    0    0    0    0    0    0    0    0    0    0    0    0    0    0    0    0    0    0    0
    0    0    0    0    0    0    0    0    0    0    0    0    0    0    0    0    0    0    0    0    0    0    0    0    0    0    0    0    0    0    0    0    0    0    0    0    0    0    0    0    0    0    0    0  248  248  251  255  227  226  231  255  204  204  204  255  186  185  189  255  186  185  189  255  196  196  197  255  221  221  222  255  239  239  241  255  242  241  245  255  233  232  236  255    0    0    0    0    0    0    0    0    0    0    0    0    0    0    0    0    0    0    0    0    0    0    0    0    0    0    0    0    0    0    0    0    0    0    0    0    0    0    0    0    0    0    0    0    0    0    0    0
    0    0    0    0    0    0    0    0    0    0    0    0    0    0    0    0    0    0    0    0    0    0    0    0    0    0    0    0    0    0    0    0    0    0    0    0  221  221  222  255  144  143  146  255   85   88   95  255   47   50   58  255   34   38   42  255   28   30   34  255   28   30   34  255   28   30   34  255   51   51   51  255   81   84   91  255  140  140  141  255  204  204  204  255  239  239  241  255  227  226  231  255    0    0    0    0    0    0    0    0    0    0    0    0    0    0    0    0    0    0    0    0    0    0    0    0    0    0    0    0    0    0    0    0    0    0    0    0    0    0    0    0
    0    0    0    0    0    0    0    0    0    0    0    0    0    0    0    0    0    0    0    0    0    0    0    0    0    0    0    0  231  231  232  255  132  132  133  255   44   47   49  255   20   23   26  255   25   27   33  255   25   27   33  255   33   33   41  255   33   33   41  255   33   33   41  255   33   33   41  255   25   27   33  255   15   18   22  255   15   18   22  255   39   40   44  255  116  117  118  255  213  213  215  255  231  231  232  255    0    0    0    0    0    0    0    0    0    0    0    0    0    0    0    0    0    0    0    0    0    0    0    0    0    0    0    0    0    0    0    0    0    0    0    0
    0    0    0    0    0    0    0    0    0    0    0    0    0    0    0    0    0    0    0    0    0    0    0    0  184  183  188  255   57   58   60  255   24   25   28  255   33   33   41  255   36   40   49  255   36   40   49  255   36   40   49  255   34   38   42  255   34   38   42  255   34   38   42  255   33   33   41  255   33   33   41  255   33   33   41  255   33   33   41  255   20   23   26  255    9    8   12  255   51   51   51  255  174  173  177  255  231  231  232  255    0    0    0    0    0    0    0    0    0    0    0    0    0    0    0    0    0    0    0    0    0    0    0    0    0    0    0    0    0    0    0    0
    0    0    0    0    0    0    0    0    0    0    0    0    0    0    0    0    0    0    0    0  153  153  153  255   28   30   34  255   28   30   34  255   36   40   49  255   36   40   49  255   36   40   49  255   36   40   49  255   36   40   49  255   36   40   49  255   36   40   49  255   36   40   49  255   36   40   49  255   33   33   41  255   33   33   41  255   33   33   41  255   33   33   41  255   28   30   34  255   15   15   17  255   15   15   17  255  153  153  153  255  227  226  231  255    0    0    0    0    0    0    0    0    0    0    0    0    0    0    0    0    0    0    0    0    0    0    0    0    0    0    0    0
    0    0    0    0    0    0    0    0    0    0    0    0    0    0    0    0  158  159  161  255   25   27   33  255   39   40   44  255   39   40   44  255   39   40   44  255   39   40   44  255   39   40   44  255   39   40   44  255   39   40   44  255   39   40   44  255   39   40   44  255   39   40   44  255   39   40   44  255   39   40   44  255   33   33   41  255   33   33   41  255   33   33   41  255   28   30   34  255   28   30   34  255   15   18   22  255   15   18   22  255  158  159  161  255  224  223  228  255    0    0    0    0    0    0    0    0    0    0    0    0    0    0    0    0    0    0    0    0    0    0    0    0
    0    0    0    0    0    0    0    0    0    0    0    0  196  196  197  255   33   33   41  255   33   33   41  255   41   41   49  255   41   41   49  255   41   41   49  255   41   41   49  255   44   47   56  255   44   47   56  255   44   47   56  255   44   47   56  255   44   47   56  255   41   41   49  255   41   41   49  255   33   33   41  255   33   33   41  255   33   33   41  255   33   33   41  255   28   30   34  255   28   30   34  255   28   30   34  255   15   15   17  255   28   30   34  255  189  189  190  255  217  216  221  255    0    0    0    0    0    0    0    0    0    0    0    0    0    0    0    0    0    0    0    0
    0    0    0    0    0    0    0    0  243  243  245  255   67   67   72  255   28   30   34  255   41   41   49  255   41   41   49  255   41   41   49  255   41   41   49  255   47   50   58  255   53   56   65  255   53   56   65  255   53   56   65  255   53   56   65  255   47   50   58  255   41   41   49  255   41   41   49  255   33   33   41  255   33   33   41  255   33   33   41  255   33   33   41  255   28   30   34  255   28   30   34  255   24   25   28  255   24   25   28  255    4    5    7  255   74   73   78  255  217  216  221  255    0    0    0    0    0    0    0    0    0    0    0    0    0    0    0    0    0    0    0    0
    0    0    0    0    0    0    0    0  153  153  153  255   20   23   26  255   36   40   49  255   36   40   49  255   36   40   49  255   44   47   56  255   47   50   58  255   56   59   66  255   68   71   80  255   72   74   83  255   72   74   83  255   68   71   80  255   56   59   66  255   47   50   58  255   36   40   49  255   36   40   49  255   33   33   41  255   33   33   41  255   28   30   34  255   28   30   34  255   28   30   34  255   24   25   28  255   24   25   28  255   20   23   26  255    9    8   12  255  158  159  161  255  217  216  221  255    0    0    0    0    0    0    0    0    0    0    0    0    0    0    0    0
    0    0    0    0  246  246  247  255   69   70   73  255   28   30   34  255   36   40   49  255   36   40   49  255   36   40   49  255   47   50   58  255   56   59   66  255   72   74   83  255   88   91   98  255   94   97  106  255   94   97  106  255   88   91   98  255   72   74   83  255   56   59   66  255   44   47   56  255   34   38   42  255   34   38   42  255   31   32   34  255   31   32   34  255   31   32   34  255   25   27   33  255   24   25   28  255   24   25   28  255   20   23   26  255    4    5    7  255   82   74   82  255  213  213  215  255    0    0    0    0    0    0    0    0    0    0    0    0    0    0    0    0
    0    0    0    0  196  196  197  255   31   32   34  255   34   38   42  255   36   40   49  255   36   40   49  255   44   47   56  255   53   56   65  255   68   71   80  255   88   91   98  255  105  108  117  255  115  118  128  255  115  118  128  255  103  106  115  255   81   84   91  255   67   67   72  255   47   50   58  255   36   40   49  255   33   33   41  255   33   33   41  255   28   30   34  255   28   30   34  255   28   30   34  255   24   25   28  255   20   23   26  255   20   23   26  255   15   15   17  255   20   23   26  255  174  173  177  255  213  213  215  255    0    0    0    0    0    0    0    0    0    0    0    0
    0    0    0    0  137  136  140  255   20   23   26  255   36   40   49  255   36   40   49  255   36   40   49  255   44   47   56  255   56   59   66  255   72   74   83  255   94   97  106  255  115  118  128  255  125  128  136  255  125  128  136  255  105  108  117  255   85   88   95  255   67   67   72  255   44   47   56  255   39   40   44  255   33   33   41  255   33   33   41  255   28   30   34  255   28   30   34  255   28   30   34  255   24   25   28  255   20   23   26  255   20   23   26  255   15   18   22  255    4    5    7  255  123  123  124  255  204  204  204  255  204  204  204  255    0    0    0    0    0    0    0    0
    0    0    0    0  102  102  102  255   25   27   33  255   34   38   42  255   36   40   49  255   36   40   49  255   44   47   56  255   56   59   66  255   72   74   83  255   94   97  106  255  112  115  124  255  121  124  131  255  117  120  127  255  103  106  115  255   81   84   91  255   65   66   66  255   44   47   56  255   39   40   44  255   33   33   41  255   28   30   34  255   28   30   34  255   28   30   34  255   28   30   34  255   24   25   28  255   20   23   26  255   20   23   26  255   20   23   26  255    4    5    7  255   82   83   84  255  189  189  190  255  204  204  204  255    0    0    0    0    0    0    0    0
  248  248  251  255   74   73   78  255   25   27   33  255   34   38   42  255   36   40   49  255   36   40   49  255   44   47   56  255   53   56   65  255   68   71   80  255   81   84   91  255   94   97  106  255  103  106  115  255  103  106  115  255   88   91   98  255   68   71   80  255   53   56   65  255   41   41   49  255   34   38   42  255   34   38   42  255   28   30   34  255   28   30   34  255   28   30   34  255   24   25   28  255   24   25   28  255   24   25   28  255   20   23   26  255   20   23   26  255    6    8    9  255   57   58   60  255  168  167  171  255  196  196  197  255    0    0    0    0    0    0    0    0
  243  243  245  255   69   70   73  255   25   27   33  255   34   38   42  255   36   40   49  255   36   40   49  255   36   40   49  255   44   47   56  255   56   59   66  255   68   71   80  255   78   81   90  255   78   81   90  255   78   81   90  255   68   71   80  255   56   59   66  255   44   47   56  255   34   38   42  255   34   38   42  255   28   30   34  255   28   30   34  255   28   30   34  255   28   30   34  255   24   25   28  255   20   23   26  255   20   23   26  255   20   23   26  255   20   23   26  255    9    8   12  255   51   51   51  255  153  153  153  255  184  183  188  255    0    0    0    0    0    0    0    0
  246  246  247  255   74   73   78  255   24   25   28  255   34   38   42  255   39   40   44  255   39   40   44  255   39   40   44  255   41   41   49  255   47   50   58  255   53   56   65  255   53   56   65  255   65   66   66  255   65   66   66  255   47   50   58  255   44   47   49  255   39   40   44  255   33   33   41  255   33   33   41  255   28   30   34  255   28   30   34  255   28   30   34  255   24   25   28  255   24   25   28  255   20   23   26  255   20   23   26  255   20   23   26  255   20   23   26  255    9    8   12  255   51   51   51  255  140  140  141  255  168  167  171  255  189  189  190  255    0    0    0    0
  248  248  251  255   90   91   93  255   20   23   26  255   34   38   42  255   34   38   42  255   39   40   44  255   39   40   44  255   39   40   44  255   39   40   44  255   41   41   49  255   44   47   56  255   44   47   56  255   44   47   56  255   41   41   49  255   34   38   42  255   34   38   42  255   28   30   34  255   25   27   33  255   25   27   33  255   25   27   33  255   25   27   33  255   25   27   33  255   20   23   26  255   20   23   26  255   20   23   26  255   20   23   26  255   20   23   26  255   10   13   17  255   65   66   66  255  137  136  140  255  158  159  161  255  186  185  189  255    0    0    0    0
    0    0    0    0  123  123  124  255   15   18   22  255   33   33   41  255   33   33   41  255   33   33   41  255   33   33   41  255   33   33   41  255   33   33   41  255   33   33   41  255   33   33   41  255   33   33   41  255   33   33   41  255   33   33   41  255   33   33   41  255   28   30   34  255   25   27   33  255   25   27   33  255   25   27   33  255   25   27   33  255   25   27   33  255   20   23   26  255   20   23   26  255   20   23   26  255   24   25   28  255   24   25   28  255   24   25   28  255   15   15   17  255   82   83   84  255  135  135  138  255  153  153  153  255  181  181  182  255    0    0    0    0
  248  248  251  255  174  173  177  255   20   23   26  255   28   30   34  255   33   33   41  255   33   33   41  255   33   33   41  255   33   33   41  255   33   33   41  255   33   33   41  255   33   33   41  255   33   33   41  255   33   33   41  255   33   33   41  255   28   30   34  255   28   30   34  255   28   30   34  255   25   27   33  255   25   27   33  255   25   27   33  255   25   27   33  255   20   23   26  255   20   23   26  255   24   25   28  255   24   25   28  255   31   32   34  255   25   27   33  255   20   23   26  255  105  108  117  255  132  132  133  255  144  143  146  255  174  173  177  255    0    0    0    0
    0    0    0    0  227  226  231  255   47   50   58  255   24   25   28  255   31   32   34  255   33   33   41  255   33   33   41  255   33   33   41  255   31   32   34  255   31   32   34  255   31   32   34  255   31   32   34  255   28   30   34  255   28   30   34  255   28   30   34  255   28   30   34  255   28   30   34  255   28   30   34  255   24   25   28  255   24   25   28  255   24   25   28  255   24   25   28  255   24   25   28  255   31   32   34  255   31   32   34  255   34   38   42  255   24   25   28  255   51   51   51  255  132  132  133  255  132  132  133  255  144  143  146  255  174  173  177  255    0    0    0    0
    0    0    0    0  246  246  247  255  128  127  129  255   10   13   17  255   28   30   34  255   28   30   34  255   28   30   34  255   28   30   34  255   28   30   34  255   28   30   34  255   28   30   34  255   28   30   34  255   28   30   34  255   25   27   33  255   25   27   33  255   25   27   33  255   25   27   33  255   25   27   33  255   24   25   28  255   24   25   28  255   24   25   28  255   28   30   34  255   28   30   34  255   39   40   44  255   44   47   49  255   44   47   49  255   20   23   26  255   90   91   93  255  135  135  138  255  128  127  129  255  144  143  146  255  172  172  173  255    0    0    0    0
    0    0    0    0  239  239  241  255  217  216  221  255   44   47   49  255   20   23   26  255   28   30   34  255   28   30   34  255   28   30   34  255   28   30   34  255   25   27   33  255   25   27   33  255   25   27   33  255   25   27   33  255   25   27   33  255   25   27   33  255   24   25   28  255   24   25   28  255   24   25   28  255   24   25   28  255   24   25   28  255   28   30   34  255   33   33   41  255   41   41   49  255   51   51   51  255   51   51   51  255   33   33   41  255   51   51   51  255  132  132  133  255  132  132  133  255  128  127  129  255  144  143  146  255  174  173  177  255    0    0    0    0
    0    0    0    0  227  226  231  255  239  239  241  255  158  159  161  255   10   13   17  255   24   25   28  255   25   27   33  255   25   27   33  255   25   27   33  255   25   27   33  255   25   27   33  255   24   25   28  255   24   25   28  255   24   25   28  255   24   25   28  255   24   25   28  255   24   25   28  255   24   25   28  255   24   25   28  255   28   30   34  255   33   33   41  255   41   41   49  255   51   51   51  255   57   58   60  255   44   47   49  255   31   32   34  255  105  108  117  255  135  135  138  255  128  127  129  255  128  127  129  255  153  153  153  255  181  181  182  255    0    0    0    0
    0    0    0    0    0    0    0    0  227  226  231  255  239  239  241  255  116  117  118  255    6    8    9  255   20   23   26  255   25   27   33  255   25   27   33  255   24   25   28  255   24   25   28  255   24   25   28  255   24   25   28  255   24   25   28  255   24   25   28  255   24   25   28  255   24   25   28  255   24   25   28  255   28   30   34  255   33   33   41  255   41   41   49  255   47   50   58  255   57   58   60  255   51   51   51  255   31   32   34  255   90   91   93  255  135  135  138  255  128  127  129  255  128  127  129  255  135  135  138  255  164  165  166  255  184  183  188  255    0    0    0    0
    0    0    0    0    0    0    0    0    0    0    0    0  227  226  231  255  227  226  231  255  103  106  115  255    6    8    9  255   15   18   22  255   24   25   28  255   20   23   26  255   20   23   26  255   20   23   26  255   20   23   26  255   20   23   26  255   20   23   26  255   20   23   26  255   24   25   28  255   28   30   34  255   33   33   41  255   39   40   44  255   51   51   51  255   57   58   60  255   44   47   49  255   33   33   41  255   90   91   93  255  135  135  138  255  128  127  129  255  128  127  129  255  128  127  129  255  153  153  153  255  181  181  182  255  186  185  189  255    0    0    0    0
    0    0    0    0    0    0    0    0    0    0    0    0    0    0    0    0  224  223  228  255  231  231  232  255  132  132  133  255   20   23   26  255    9    8   12  255   20   23   26  255   20   23   26  255   20   23   26  255   20   23   26  255   20   23   26  255   20   23   26  255   20   23   26  255   25   27   33  255   31   32   34  255   34   38   42  255   44   47   49  255   44   47   49  255   33   33   41  255   44   47   49  255  102  102  102  255  135  135  138  255  128  127  129  255  128  127  129  255  128  127  129  255  145  144  147  255  174  173  177  255  191  189  195  255  184  183  188  255    0    0    0    0
    0    0    0    0    0    0    0    0    0    0    0    0    0    0    0    0    0    0    0    0  221  221  222  255  231  231  232  255  184  183  188  255   82   74   82  255   15   15   17  255    6    8    9  255   10   13   17  255   15   18   22  255   15   18   22  255   15   18   22  255   24   25   28  255   24   25   28  255   24   25   28  255   24   25   28  255   24   25   28  255   33   33   41  255   74   73   78  255  123  123  124  255  135  135  138  255  128  127  129  255  128  127  129  255  128  127  129  255  140  140  141  255  168  167  171  255  191  189  195  255    0    0    0    0    0    0    0    0    0    0    0    0
    0    0    0    0    0    0    0    0    0    0    0    0    0    0    0    0    0    0    0    0    0    0    0    0    0    0    0    0  224  223  228  255  221  221  222  255  172  172  173  255  102  102  102  255   51   51   51  255   20   23   26  255    9    8   12  255   15   15   17  255   15   15   17  255   15   15   17  255   25   27   33  255   51   51   51  255   82   83   84  255  116  117  118  255  135  135  138  255  132  132  133  255  128  127  129  255  128  127  129  255  128  127  129  255  137  136  140  255  164  165  166  255  186  185  189  255  191  189  195  255    0    0    0    0    0    0    0    0    0    0    0    0
    0    0    0    0    0    0    0    0    0    0    0    0    0    0    0    0    0    0    0    0    0    0    0    0    0    0    0    0    0    0    0    0  213  213  215  255  221  221  222  255  221  221  222  255  204  204  204  255  181  181  182  255  153  153  153  255  137  136  140  255  123  123  124  255  116  117  118  255  123  123  124  255  135  135  138  255  135  135  138  255  132  132  133  255  132  132  133  255  128  127  129  255  132  132  133  255  140  140  141  255  153  153  153  255  168  167  171  255  184  183  188  255    0    0    0    0    0    0    0    0    0    0    0    0    0    0    0    0    0    0    0    0
    0    0    0    0    0    0    0    0    0    0    0    0    0    0    0    0    0    0    0    0    0    0    0    0    0    0    0    0    0    0    0    0    0    0    0    0    0    0    0    0    0    0    0    0  213  213  215  255  213  213  215  255  213  213  215  255  204  204  204  255  189  189  190  255  174  173  177  255  164  165  166  255  153  153  153  255  145  144  147  255  145  144  147  255  145  144  147  255  145  144  147  255  158  159  161  255  174  173  177  255  184  183  188  255  189  189  190  255  189  189  190  255    0    0    0    0    0    0    0    0    0    0    0    0    0    0    0    0    0    0    0    0
    0    0    0    0    0    0    0    0    0    0    0    0    0    0    0    0    0    0    0    0    0    0    0    0    0    0    0    0    0    0    0    0    0    0    0    0    0    0    0    0    0    0    0    0    0    0    0    0    0    0    0    0  204  204  204  255  204  204  204  255  204  204  204  255  204  204  204  255  196  196  197  255  189  189  190  255  189  189  190  255  184  183  188  255  184  183  188  255  184  183  188  255  189  189  190  255  196  196  197  255    0    0    0    0    0    0    0    0    0    0    0    0    0    0    0    0    0    0    0    0    0    0    0    0    0    0    0    0    0    0    0    0
    0    0    0    0    0    0    0    0    0    0    0    0    0    0    0    0    0    0    0    0    0    0    0    0    0    0    0    0    0    0    0    0    0    0    0    0    0    0    0    0    0    0    0    0    0    0    0    0    0    0    0    0    0    0    0    0    0    0    0    0    0    0    0    0    0    0    0    0    0    0    0    0    0    0    0    0    0    0    0    0    0    0    0    0    0    0    0    0    0    0    0    0    0    0    0    0    0    0    0    0    0    0    0    0    0    0    0    0    0    0    0    0    0    0    0    0    0    0    0    0    0    0    0    0    0    0    0    0    0    0    0    0
