   32   32
    0    0    0    0    0    0    0    0    0    0    0    0    0    0    0    0    0    0    0    0    0    0    0    0    0    0    0    0    0    0    0    0    0    0    0    0    0    0    0    0    0    0    0    0    0    0    0    0    0    0    0    0    0    0    0    0    0    0    0    0    0    0    0    0    0    0    0    0    0    0    0    0    0    0    0    0    0    0    0    0    0    0    0    0    0    0    0    0    0    0    0    0    0    0    0    0    0    0    0    0    0    0    0    0    0    0    0    0    0    0    0    0   69   54    0   70  255  211    0  238   68   55    0   60    0    0    0    0
    0    0    0    0    0    0    0    0    0    0    0    0    0    0    0    0    0    0    0    0    0    0    0    0    0    0    0    0    0    0    0    0    0    0    0    0    0    0    0    0    0    0    0    0    0    0    0    0    0    0    0    0    0    0    0    0    0    0    0    0    0    0    0    0    0    0    0    0    0    0    0    0    0    0    0    0    0    0    0    0    0    0    0    0    0    0    0    0    0    0    0    9    0    0    0    7    0    0    0    0    0    0    0    6   18    0    0   14    0    0    0    0    0    0    0   23  211  172    0  230  136  118    0  151    0    0    0   15
    0    0    0    0    0    0    0    0    0    0    0    0    0    0    0    0    0    0    0    0    0    0    0    0    0    0    0    0    0    0    0    0    0    0    0    0    0    0    0    0    0    0    0    0    0    0    0    0    0    0    0    0    0    0    0    0    0    0    0    0    0    0    0    0    0    0    0    0    0    0    0    0    0    0    0    0    0    0    0    0    0    0    0    0    0    0    0   47   72   72   72  217  130  131  136  217   74   69   47  133  208  165    0  187  251  201    0  238  221  177    0  198  205  164    0  189  255  207    0  255   88   71    0  121    0    0    0   13
    0    0    0    0    0    0    0    0    0    0    0    0    0    0    0    0    0    0    0    0    0    0    0    0    0    0    0    0    0    0    0    0    0    0    0    0    0    0    0    0    0    0    0   10    0    0    0   57   33   33   33  108   66   66   66  141   79   79   79  160   66   66   66  153   35   35   35  130    2    2    2   90    0    0    0   35    0    0    0    0    0    0    0   10   60   60   60  201  162  162  162  255  255  255  255  255  255  233  108  255  220  182    8  253   75   62    7  172  132  106    0  186  154  123    0  206   69   54    0  132    0    0    0   23    0    0    0    0
    0    0    0    0    0    0    0    0    0    0    0    0    0    0    0    0    0    0    0    0    0    0    0    0    0    0    0    0    0    0    0    0    0    0    0   29   30   30   30  136  125  125  125  223  205  205  205  255  241  241  241  255  249  249  249  255  242  242  242  255  232  232  232  255  212  212  212  255  159  159  159  255   51   51   51  248    0    0    0  181   39   39   39  174  133  133  133  255   61   61   61  255  198  199  204  255  255  254  192  255  255  247  209  255   88   91  104  192    0    0    0   23    0    0    0   19    0    0    0    5    0    0    0    0    0    0    0    0
    0    0    0    0    0    0    0    0    0    0    0    0    0    0    0    0    0    0    0    0    0    0    0    0    0    0    0    4   10   10   10  117  134  134  134  240  242  242  242  255  255  255  255  255  249  249  249  255  234  234  234  255  222  222  222  255  213  213  213  255  204  204  204  255  198  198  198  255  197  197  197  255  182  182  182  255   59   59   59  255   51   51   51  255   34   34   34  255    0    0    0  255   19   19   19  255  146  148  156  255  236  238  244  255  139  139  138  252    0    0    0   52    0    0    0    0    0    0    0    0    0    0    0    0    0    0    0    0
    0    0    0    0    0    0    0    0    0    0    0    0    0    0    0    0    0    0    0    0    0    0    0   19   51   51   51  182  213  213  213  255  255  255  255  255  244  244  244  255  230  230  230  255  221  221  221  255  212  212  212  255  204  204  204  255  195  195  195  255  186  186  186  255  178  178  178  255  168  168  168  255  167  167  167  255  131  131  131  255    4    4    4  255    0    0    0  255    0    0    0  255    0    0    0  255    0    0    0  255   13   13   13  255    4    4    4  205    0    0    0   28    0    0    0    0    0    0    0    0    0    0    0    0    0    0    0    0
    0    0    0    0    0    0    0    0    0    0    0    0    0    0    0    0    0    0    0   19   67   67   67  199  240  240  240  255  250  250  250  255  229  229  229  255  220  220  220  255  212  212  212  255  203  203  203  255  194  194  194  255  186  186  186  255  177  177  177  255  168  168  168  255  160  160  160  255  151  151  151  255  142  142  142  255  140  140  140  255   38   38   38  255    0    0    0  255    0    0    0  255    0    0    0  255    0    0    0  255    0    0    0  238    0    0    0   74    0    0    0    0    0    0    0    0    0    0    0    0    0    0    0    0    0    0    0    0
    0    0    0    0    0    0    0    0    0    0    0    0    0    0    0    2   54   54   54  177  233  233  233  255  237  237  237  255  220  220  220  255  211  211  211  255  202  202  202  255  194  194  194  255  185  185  185  255  177  177  177  255  168  168  168  255  159  159  159  255  150  150  150  255  142  142  142  255  133  133  133  255  125  125  125  255  123  123  123  255   44   44   44  255    0    0    0  255    0    0    0  255    0    0    0  255    0    0    0  255    0    0    0  155    0    0    0    0    0    0    0    0    0    0    0    0    0    0    0    0    0    0    0    0    0    0    0    0
    0    0    0    0    0    0    0    0    0    0    0    0   15   15   15  115  198  198  198  255  231  231  231  255  210  210  210  255  202  202  202  255  193  193  193  255  185  185  185  255  176  176  176  255  167  167  167  255  159  159  159  255  150  150  150  255  141  141  141  255  133  133  133  255  125  125  125  255  116  116  116  255  108  108  108  255  103  103  103  255   29   29   29  255    0    0    0  255    0    0    0  255    0    0    0  255    0    0    0  255    0    0    0  229    0    0    0   31    0    0    0    0    0    0    0    0    0    0    0    0    0    0    0    0    0    0    0    0
    0    0    0    0    0    0    0    0    0    0    0   31  118  118  118  235  226  226  226  255  201  201  201  255  193  193  193  255  184  184  184  255  175  175  175  255  167  167  167  255  158  158  158  255  149  149  149  255  141  141  141  255  132  132  132  255  124  124  124  255  116  116  116  255  107  107  107  255   98   98   98  255   91   91   91  255   77   77   77  255    9    9    9  255    0    0    0  255    0    0    0  255    0    0    0  255    0    0    0  255    0    0    0  255    0    0    0  152    0    0    0    0    0    0    0    0    0    0    0    0    0    0    0    0    0    0    0    0
    0    0    0    0    0    0    0    0   15   15   15  132  187  187  187  255  197  197  197  255  184  184  184  255  175  175  175  255  166  166  166  255  157  157  157  255  149  149  149  255  140  140  140  255  132  132  132  255  124  124  124  255  115  115  115  255  107  107  107  255   98   98   98  255   89   89   89  255   80   80   80  255   75   75   75  255   42   42   42  255    0    0    0  255    1    1    1  255    0    0    0  255    0    0    0  255    0    0    0  255    0    0    0  255    0    0    0  242    0    0    0   39    0    0    0    0    0    0    0    0    0    0    0    0    0    0    0    0
    0    0    0    0    0    0    0   12   59   59   59  218  193  193  193  255  175  175  175  255  166  166  166  255  157  157  157  255  148  148  148  255  140  140  140  255  131  131  131  255  123  123  123  255  115  115  115  255  106  106  106  255   97   97   97  255   89   89   89  255   80   80   80  255   71   71   71  255   64   64   64  255   52   52   52  255    9    9    9  255    0    0    0  255    1    1    1  255    1    1    1  255    1    1    1  255    0    0    0  255    0    0    0  255    0    0    0  255    0    0    0  122    0    0    0    0    0    0    0    0    0    0    0    0    0    0    0    0
    0    0    0    0    0    0    0   62   77   77   77  255  176  176  176  255  157  157  157  255  148  148  148  255  139  139  139  255  131  131  131  255  123  123  123  255  114  114  114  255  106  106  106  255   97   97   97  255   88   88   88  255   80   80   80  255   71   71   71  255   62   62   62  255   54   54   54  255   46   46   46  255   16   16   16  255    0    0    0  255    1    1    1  255    1    1    1  255    1    1    1  255    1    1    1  255    1    1    1  255    0    0    0  255    0    0    0  255    0    0    0  191    0    0    0    0    0    0    0    0    0    0    0    0    0    0    0    0
    0    0    0    3    0    0    0  112   66   66   66  255  157  157  157  255  139  139  139  255  131  131  131  255  122  122  122  255  114  114  114  255  105  105  105  255   97   97   97  255   88   88   88  255   79   79   79  255   70   70   70  255   62   62   62  255   53   53   53  255   45   45   45  255   36   36   36  255   16   16   16  255    0    0    0  255    1    1    1  255    1    1    1  255    1    1    1  255    1    1    1  255    1    1    1  255    1    1    1  255    1    1    1  255    0    0    0  255    0    0    0  231    0    0    0   24    0    0    0    0    0    0    0    0    0    0    0    0
    0    0    0   17    0    0    0  145   29   29   29  255  133  133  133  255  123  123  123  255  113  113  113  255  105  105  105  255   96   96   96  255   87   87   87  255   79   79   79  255   70   70   70  255   61   61   61  255   53   53   53  255   44   44   44  255   36   36   36  255   26   26   26  255   10   10   10  255    0    0    0  255    1    1    1  255    1    1    1  255    1    1    1  255    1    1    1  255    1    1    1  255    1    1    1  255    1    1    1  255    2    2    2  255    1    1    1  255    0    0    0  249    0    0    0   48    0    0    0    0    0    0    0    0    0    0    0    0
    0    0    0   20    0    0    0  149    0    0    0  255   74   74   74  255  113  113  113  255   96   96   96  255   87   87   87  255   78   78   78  255   70   70   70  255   61   61   61  255   52   52   52  255   44   44   44  255   35   35   35  255   26   26   26  255   15   15   15  255    4    4    4  255    0    0    0  255    1    1    1  255    1    1    1  255    1    1    1  255    1    1    1  255    1    1    1  255    1    1    1  255    1    1    1  255    4    4    4  255   11   11   11  255    7    7    7  255    0    0    0  255    0    0    0   66    0    0    0    0    0    0    0    0    0    0    0    0
    0    0    0   20    0    0    0  149    0    0    0  255    5    5    5  255   56   56   56  255   79   79   79  255   72   72   72  255   62   62   62  255   53   53   53  255   44   44   44  255   35   35   35  255   25   25   25  255   14   14   14  255    6    6    6  255    0    0    0  255    0    0    0  255    1    1    1  255    1    1    1  255    1    1    1  255    1    1    1  255    1    1    1  255    1    1    1  255    3    3    3  255    8    8    8  255   14   14   14  255   22   22   22  255   17   17   17  255    0    0    0  254    0    0    0   64    0    0    0    0    0    0    0    0    0    0    0    0
    0    0    0   17    0    0    0  140    0    0    0  255    0    0    0  255    0    0    0  255   13   13   13  255   27   27   27  255   29   29   29  255   25   25   25  255   17   17   17  255    9    9    9  255    3    3    3  255    0    0    0  255    0    0    0  255    1    1    1  255    1    1    1  255    1    1    1  255    1    1    1  255    1    1    1  255    1    1    1  255    2    2    2  255    6    6    6  255   12   12   12  255   19   19   19  255   25   25   25  255   32   32   32  255   24   24   24  255    0    0    0  247    0    0    0   48    0    0    0    0    0    0    0    0    0    0    0    0
    0    0    0    4    0    0    0  104    0    0    0  255    0    0    0  255    0    0    0  255    0    0    0  255    0    0    0  255    0    0    0  255    0    0    0  255    0    0    0  255    0    0    0  255    0    0    0  255    1    1    1  255    1    1    1  255    1    1    1  255    1    1    1  255    1    1    1  255    1    1    1  255    1    1    1  255    5    5    5  255   11   11   11  255   17   17   17  255   23   23   23  255   29   29   29  255   35   35   35  255   44   44   44  255   26   26   26  255    0    0    0  224    0    0    0   25    0    0    0    0    0    0    0    0    0    0    0    0
    0    0    0    0    0    0    0   57    0    0    0  247    0    0    0  255    0    0    0  255    0    0    0  255    0    0    0  255    1    1    1  255    1    1    1  255    1    1    1  255    1    1    1  255    1    1    1  255    1    1    1  255    1    1    1  255    1    1    1  255    1    1    1  255    1    1    1  255    3    3    3  255    9    9    9  255   15   15   15  255   22   22   22  255   28   28   28  255   34   34   34  255   40   40   40  255   46   46   46  255   55   55   55  255   19   19   19  255    0    0    0  181    0    0    0    3    0    0    0    0    0    0    0    0    0    0    0    0
    0    0    0    0    0    0    0   13    0    0    0  200    0    0    0  255    0    0    0  255    0    0    0  255    0    0    0  255    1    1    1  255    1    1    1  255    1    1    1  255    1    1    1  255    1    1    1  255    1    1    1  255    1    1    1  255    1    1    1  255    2    2    2  255    7    7    7  255   14   14   14  255   20   20   20  255   26   26   26  255   32   32   32  255   38   38   38  255   44   44   44  255   50   50   50  255   58   58   58  255   57   57   57  255    5    5    5  255    0    0    0  110    0    0    0    0    0    0    0    0    0    0    0    0    0    0    0    0
    0    0    0    0    0    0    0    0    0    0    0  117    0    0    0  255    0    0    0  255    0    0    0  255    0    0    0  255    1    1    1  255    1    1    1  255    1    1    1  255    1    1    1  255    1    1    1  255    1    1    1  255    2    2    2  255    6    6    6  255   12   12   12  255   18   18   18  255   25   25   25  255   31   31   31  255   37   37   37  255   43   43   43  255   49   49   49  255   55   55   55  255   60   60   60  255   72   72   72  255   35   35   35  255    0    0    0  226    0    0    0   37    0    0    0    0    0    0    0    0    0    0    0    0    0    0    0    0
    0    0    0    0    0    0    0    0    0    0    0   31    0    0    0  215    0    0    0  255    0    0    0  255    0    0    0  255    1    1    1  255    1    1    1  255    1    1    1  255    1    1    1  255    1    1    1  255    5    5    5  255   10   10   10  255   17   17   17  255   23   23   23  255   29   29   29  255   35   35   35  255   41   41   41  255   46   46   46  255   53   53   53  255   59   59   59  255   64   64   64  255   75   75   75  255   63   63   63  255    4    4    4  255    0    0    0  131    0    0    0    0    0    0    0    0    0    0    0    0    0    0    0    0    0    0    0    0
    0    0    0    0    0    0    0    0    0    0    0    0    0    0    0   97    0    0    0  253    0    0    0  255    0    0    0  255    1    1    1  255    1    1    1  255    1    1    1  255    3    3    3  255    9    9    9  255   15   15   15  255   21   21   21  255   27   27   27  255   33   33   33  255   39   39   39  255   45   45   45  255   51   51   51  255   57   57   57  255   63   63   63  255   69   69   69  255   79   79   79  255   77   77   77  255   16   16   16  255    0    0    0  204    0    0    0   29    0    0    0    0    0    0    0    0    0    0    0    0    0    0    0    0    0    0    0    0
    0    0    0    0    0    0    0    0    0    0    0    0    0    0    0    8    0    0    0  146    0    0    0  255    0    0    0  255    0    0    0  255    3    3    3  255    7    7    7  255   13   13   13  255   20   20   20  255   26   26   26  255   32   32   32  255   38   38   38  255   44   44   44  255   50   50   50  255   56   56   56  255   62   62   62  255   67   67   67  255   73   73   73  255   84   84   84  255   80   80   80  255   20   20   20  255    0    0    0  234    0    0    0   69    0    0    0    0    0    0    0    0    0    0    0    0    0    0    0    0    0    0    0    0    0    0    0    0
    0    0    0    0    0    0    0    0    0    0    0    0    0    0    0    0    0    0    0   26    0    0    0  168    0    0    0  255    0    0    0  255    7    7    7  255   20   20   20  255   25   25   25  255   30   30   30  255   36   36   36  255   42   42   42  255   48   48   48  255   54   54   54  255   60   60   60  255   66   66   66  255   72   72   72  255   80   80   80  255   90   90   90  255   69   69   69  255   14   14   14  255    0    0    0  238    0    0    0   94    0    0    0    0    0    0    0    0    0    0    0    0    0    0    0    0    0    0    0    0    0    0    0    0    0    0    0    0
    0    0    0    0    0    0    0    0    0    0    0    2    0    0    0   13    0    0    0   16    0    0    0   40    0    0    0  150    0    0    0  248    0    0    0  255   14   14   14  255   34   34   34  255   44   44   44  255   49   49   49  255   54   54   54  255   59   59   59  255   66   66   66  255   73   73   73  255   81   81   81  255   87   87   87  255   77   77   77  255   39   39   39  255    2    2    2  255    0    0    0  218    0    0    0   93    0    0    0   20    0    0    0    8    0    0    0    0    0    0    0    0    0    0    0    0    0    0    0    0    0    0    0    0    0    0    0    0
    0    0    0    0    0    0    0    0    0    0    0    8    0    0    0   22    0    0    0   21    0    0    0   18    0    0    0   30    0    0    0  103    0    0    0  204    0    0    0  254    8    8    8  255   28   28   28  255   46   46   46  255   58   58   58  255   66   66   66  255   69   69   69  255   67   67   67  255   55   55   55  255   31   31   31  255    5    5    5  255    0    0    0  241    0    0    0  164    0    0    0   63    0    0    0   20    0    0    0   20    0    0    0   20    0    0    0    2    0    0    0    0    0    0    0    0    0    0    0    0    0    0    0    0    0    0    0    0
    0    0    0    0    0    0    0    0    0    0    0    2    0    0    0   12    0    0    0   20    0    0    0   22    0    0    0   19    0    0    0   20    0    0    0   49    0    0    0  115    0    0    0  183    0    0    0  228    0    0    0  249    5    5    5  255    9    9    9  255    6    6    6  255    1    1    1  254    0    0    0  242    0    0    0  212    0    0    0  155    0    0    0   84    0    0    0   33    0    0    0   19    0    0    0   20    0    0    0   19    0    0    0    9    0    0    0    1    0    0    0    0    0    0    0    0    0    0    0    0    0    0    0    0    0    0    0    0
    0    0    0    0    0    0    0    0    0    0    0    0    0    0    0    1    0    0    0    5    0    0    0   10    0    0    0   14    0    0    0   16    0    0    0   16    0    0    0   20    0    0    0   37    0    0    0   67    0    0    0   98    0    0    0  121    0    0    0  128    0    0    0  126    0    0    0  112    0    0    0   84    0    0    0   52    0    0    0   26    0    0    0   15    0    0    0   14    0    0    0   12    0    0    0    8    0    0    0    3    0    0    0    0    0    0    0    0    0    0    0    0    0    0    0    0    0    0    0    0    0    0    0    0    0    0    0    0
    0    0    0    0    0    0    0    0    0    0    0    0    0    0    0    0    0    0    0    0    0    0    0    0    0    0    0    1    0    0    0    2    0    0    0    4    0    0    0    4    0    0    0    4    0    0    0    4    0    0    0    5    0    0    0    8    0    0    0    9    0    0    0    9    0    0    0    6    0    0    0    4    0    0    0    3    0    0    0    3    0    0    0    3    0    0    0    2    0    0    0    0    0    0    0    0    0    0    0    0    0    0    0    0    0    0    0    0    0    0    0    0    0    0    0    0    0    0    0    0    0    0    0    0    0    0    0    0
