   32   32
    0    0    0    0    0    0    0    0    0    0    0    0    0    0    0    0    0    0    0    0    0    0    0    0    0    0    0    0    0    0    0    0    0    0    0    0    0    0    0    0    0    0    0    0    0    0    0    0    0    0    0    0    0    0    0    0    0    0    0    0    0    0    0    0    0    0    0    0   70   70   70   51  143  143  143  176  148  148  148  207   83   83   83  150   10   10   10   42    0    0    0    0    0    0    0    0    0    0    0    0    0    0    0    0    0    0    0    0    0    0    0    0    0    0    0    0    0    0    0    0    0    0    0    0    0    0    0    0
    0    0    0    0    0    0    0    0    0    0    0    0    0    0    0    0    0    0    0    0    0    0    0    0    0    0    0    0    0    0    0    0    0    0    0    0    0    0    0    0    0    0    0    0    0    0    0    0    0    0    0    0    0    0    0    0    0    0    0    0    0    0    0    0   61   61   61   55  172  172  172  242   94   94   94  152   95   95   95  106  151  151  151  179  170  170  170  250   62   62   62  149    0    0    0    9    0    0    0    0    0    0    0    0    0    0    0    0    0    0    0    0    0    0    0    0    0    0    0    0    0    0    0    0    0    0    0    0
    0    0    0    0    0    0    0    0    0    0    0    0    0    0    0    0    0    0    0    0    0    0    0    0    0    0    0    0    0    0    0    0    0    0    0    0    0    0    0    0    0    0    0    0    0    0    0    0    0    0    0    0    0    0    0    0    0    0    0    0    0    0    0    0  147  147  147  200   41   41   41  115    0    0    0    0    0    0    0    0    0    0    0    0   73   73   73   50  179  179  179  219  105  105  105  213    3    3    3   35    0    0    0    0    0    0    0    0    0    0    0    0    0    0    0    0    0    0    0    0    0    0    0    0    0    0    0    0
    0    0    0    0    0    0    0    0    0    0    0    0    0    0    0    0    0    0    0    0    0    0    0    0    0    0    0    0    0    0    0    0    0    0    0    0    0    0    0    0    0    0    0    0    0    0    0    0    0    0    0    0    0    0    0    0    0    0    0    0   80   80   80   56  123  123  123  223    0    0    0   11    0    0    0    0    0    0    0    0    0    0    0    0    0    0    0    0   53   53   53    5  144  144  144  179   32   32   32  139    0    0    0    0    0    0    0    0    0    0    0    0    0    0    0    0    0    0    0    0    0    0    0    0    0    0    0    0
    0    0    0    0    0    0    0    0    0    0    0    0    0    0    0    0    0    0    0    0    0    0    0    0    0    0    0    0    0    0    0    0    0    0    0    0    0    0    0    0    0    0    0    0    0    0    0    0    0    0    0    0    0    0    0    0    0    0    0    0  108  108  108  117   73   73   73  178    0    0    0    0    0    0    0    0    0    0    0    0    0    0    0    0    0    0    0    0    0    0    0    0   35   35   35    4    1    1    1    4    0    0    0    0    0    0    0    0    0    0    0    0    0    0    0    0    0    0    0    0    0    0    0    0    0    0    0    0
    0    0    0    0    0    0    0    0    0    0    0    0    0    0    0    0    0    0    0    0    0    0    0    0    0    0    0    0    0    0    0    0    0    0    0    0    0    0    0    0    0    0    0    0    0    0    0    0    2    2    2    6   10   10   10  107    2    2    2  182  113  113  113  235   51   51   51  233    4    4    4  169    5    5    5   77    0    0    0    0    0    0    0    0    0    0    0    0    0    0    0    0    0    0    0    0    0    0    0    0    0    0    0    0    0    0    0    0    0    0    0    0    0    0    0    0    0    0    0    0    0    0    0    0    0    0    0    0
    0    0    0    0    0    0    0    0    0    0    0    0    0    0    0    0    0    0    0    0    0    0    0    0    0    0    0    0    0    0    0    0    0    0    0    0    0    0    0    0    0    0    0    0    0    0    0    0   14   14   14  116   18   18   18  255   10   10   10  255   70   70   70  255   31   31   31  255   14   14   14  255   15   15   15  255    6    6    6   60    0    0    0    0    0    0    0    0    0    0    0    0    0    0    0    0    0    0    0    0    0    0    0    0    0    0    0    0    0    0    0    0    0    0    0    0    0    0    0    0    0    0    0    0    0    0    0    0
    0    0    0    0    0    0    0    0    0    0    0    0    0    0    0    0    0    0    0    0    0    0    0    0    0    0    0    0    0    0    0    0    0    0    0    0    0    0    0    0    0    0    0    0    0    0    0    0   19   19   19  147   34   34   34  255   40   40   40  255   20   20   20  255   17   17   17  255   16   16   16  255    8    8    8  255    6    6    6   87    0    0    0    0    0    0    0    0    0    0    0    0    0    0    0    0    0    0    0    0    0    0    0    0    0    0    0    0    0    0    0    0    0    0    0    0    0    0    0    0    0    0    0    0    0    0    0    0
    0    0    0    0    0    0    0    0    0    0    0    0    0    0    0    0    0    0    0    0    0    0    0    0    0    0    0    0    0    0    0    0    0    0    0    0    0    0    0    0    8    8    8   68   14   14   14  186   23   23   23  249   35   35   35  255   43   43   43  255   33   33   33  255   19   19   19  255    8    8    8  255    1    1    1  255   10   10   10  239    7    7    7  161    3    3    3   42    0    0    0    0    0    0    0    0    0    0    0    0    0    0    0    0    0    0    0    0    0    0    0    0    0    0    0    0    0    0    0    0    0    0    0    0    0    0    0    0
    0    0    0    0    0    0    0    0    0    0    0    0    0    0    0    0    0    0    0    0    0    0    0    0    0    0    0    0    0    0    0    0    6    6    6   12   14   14   14  158   24   24   24  255   27   27   27  255   27   27   27  255   31   31   31  255   28   28   28  255   24   24   24  255   17   17   17  255    6    6    6  255    2    2    2  255   12   12   12  255   13   13   13  255   13   13   13  246    6    6    6  112    0    0    0    0    0    0    0    0    0    0    0    0    0    0    0    0    0    0    0    0    0    0    0    0    0    0    0    0    0    0    0    0    0    0    0    0
    0    0    0    0    0    0    0    0    0    0    0    0    0    0    0    0    0    0    0    0    0    0    0    0    0    0    0    0    5    5    5   23   19   19   19  201   29   29   29  255   30   30   30  255   30   30   30  255   30   30   30  255   30   30   30  255   29   29   29  255   25   25   25  255   20   20   20  255   15   15   15  255   16   16   16  255   15   15   15  255   11   11   11  255   11   11   11  255   15   15   15  255   10   10   10  158    1    1    1    2    0    0    0    0    0    0    0    0    0    0    0    0    0    0    0    0    0    0    0    0    0    0    0    0    0    0    0    0
    0    0    0    0    0    0    0    0    0    0    0    0    0    0    0    0    0    0    0    0    0    0    0    0    2    2    2   15   20   20   20  206   31   31   31  255   32   32   32  255   33   33   33  255   33   33   33  255   32   32   32  255   31   31   31  255   29   29   29  255   28   28   28  255   25   25   25  255   23   23   23  255   20   20   20  255   16   16   16  255   13   13   13  255    9    9    9  255    9    9    9  255   16   16   16  255   11   11   11  157    0    0    0    0    0    0    0    0    0    0    0    0    0    0    0    0    0    0    0    0    0    0    0    0    0    0    0    0
    0    0    0    0    0    0    0    0    0    0    0    0    0    0    0    0    0    0    0    0    0    0    0    0   15   15   15  156   30   30   30  255   33   33   33  255   35   35   35  255   35   35   35  255   35   35   35  255   36   36   36  255   35   35   35  255   32   32   32  255   28   28   28  255   26   26   26  255   24   24   24  255   21   21   21  255   18   18   18  255   15   15   15  255   11   11   11  255    6    6    6  255    7    7    7  255   16   16   16  255    6    6    6  100    0    0    0    0    0    0    0    0    0    0    0    0    0    0    0    0    0    0    0    0    0    0    0    0
    0    0    0    0    0    0    0    0    0    0    0    0    0    0    0    0    0    0    0    0    5    5    5   56   27   27   27  255   33   33   33  255   35   35   35  255   36   36   36  255   39   39   39  255   56   56   56  255   69   69   69  255   66   66   66  255   49   49   49  255   32   32   32  255   27   27   27  255   24   24   24  255   21   21   21  255   18   18   18  255   15   15   15  255   12   12   12  255    8    8    8  255    3    3    3  255    8    8    8  255   14   14   14  226    1    1    1   16    0    0    0    0    0    0    0    0    0    0    0    0    0    0    0    0    0    0    0    0
    0    0    0    0    0    0    0    0    0    0    0    0    0    0    0    0    0    0    0    0   16   16   16  172   31   31   31  255   34   34   34  255   35   35   35  255   39   39   39  255   67   67   67  255  108  108  108  255  128  128  128  255  117  117  117  255   84   84   84  255   46   46   46  255   28   28   28  255   24   24   24  255   22   22   22  255   19   19   19  255   16   16   16  255   12   12   12  255    9    9    9  255    4    4    4  255    2    2    2  255   12   12   12  255    6    6    6  106    0    0    0    0    0    0    0    0    0    0    0    0    0    0    0    0    0    0    0    0
    0    0    0    0    0    0    0    0    0    0    0    0    0    0    0    0    4    4    4   28   24   24   24  243   32   32   32  255   35   35   35  255   35   35   35  255   53   53   53  255  106  106  106  255  157  157  157  255  172  172  172  255  156  156  156  255  114  114  114  255   62   62   62  255   31   31   31  255   24   24   24  255   21   21   21  255   19   19   19  255   16   16   16  255   12   12   12  255    9    9    9  255    5    5    5  255    0    0    0  255    6    6    6  255   10   10   10  202    0    0    0    0    0    0    0    0    0    0    0    0    0    0    0    0    0    0    0    0
    0    0    0    0    0    0    0    0    0    0    0    0    0    0    0    0    9    9    9   79   27   27   27  255   32   32   32  255   34   34   34  255   36   36   36  255   66   66   66  255  128  128  128  255  174  174  174  255  184  184  184  255  166  166  166  255  121  121  121  255   65   65   65  255   31   31   31  255   23   23   23  255   21   21   21  255   18   18   18  255   15   15   15  255   12   12   12  255    8    8    8  255    5    5    5  255    0    0    0  255    1    1    1  255    8    8    8  246    2    2    2   29    0    0    0    0    0    0    0    0    0    0    0    0    0    0    0    0
    0    0    0    0    0    0    0    0    0    0    0    0    0    0    0    0   11   11   11  119   27   27   27  255   31   31   31  255   33   33   33  255   35   35   35  255   63   63   63  255  119  119  119  255  161  161  161  255  169  169  169  255  148  148  148  255  104  104  104  255   55   55   55  255   28   28   28  255   22   22   22  255   20   20   20  255   17   17   17  255   15   15   15  255   11   11   11  255    8    8    8  255    4    4    4  255    1    1    1  255    0    0    0  255    4    4    4  255    3    3    3   61    0    0    0    0    0    0    0    0    0    0    0    0    0    0    0    0
    0    0    0    0    0    0    0    0    0    0    0    0    0    0    0    0   13   13   13  141   26   26   26  255   30   30   30  255   32   32   32  255   33   33   33  255   49   49   49  255   89   89   89  255  123  123  123  255  129  129  129  255  109  109  109  255   73   73   73  255   39   39   39  255   24   24   24  255   22   22   22  255   19   19   19  255   16   16   16  255   14   14   14  255   10   10   10  255    7    7    7  255    4    4    4  255    0    0    0  255    0    0    0  255    2    2    2  255    4    4    4   75    0    0    0    0    0    0    0    0    0    0    0    0    0    0    0    0
    0    0    0    0    0    0    0    0    0    0    0    0    0    0    0    0   11   11   11  137   24   24   24  255   28   28   28  255   30   30   30  255   31   31   31  255   35   35   35  255   52   52   52  255   72   72   72  255   76   76   76  255   62   62   62  255   42   42   42  255   27   27   27  255   23   23   23  255   20   20   20  255   18   18   18  255   15   15   15  255   13   13   13  255    9    9    9  255    6    6    6  255    3    3    3  255    0    0    0  255    0    0    0  255    1    1    1  255    3    3    3   73    0    0    0    0    0    0    0    0    0    0    0    0    0    0    0    0
    0    0    0    0    0    0    0    0    0    0    0    0    0    0    0    0    8    8    8  109   22   22   22  255   26   26   26  255   28   28   28  255   29   29   29  255   30   30   30  255   31   31   31  255   36   36   36  255   36   36   36  255   31   31   31  255   26   26   26  255   23   23   23  255   21   21   21  255   19   19   19  255   17   17   17  255   14   14   14  255   11   11   11  255    8    8    8  255    5    5    5  255    1    1    1  255    0    0    0  255    0    0    0  255    0    0    0  255    1    1    1   52    0    0    0    0    0    0    0    0    0    0    0    0    0    0    0    0
    0    0    0    0    0    0    0    0    0    0    0    0    0    0    0    0    4    4    4   63   18   18   18  255   23   23   23  255   26   26   26  255   27   27   27  255   27   27   27  255   27   27   27  255   26   26   26  255   25   25   25  255   24   24   24  255   23   23   23  255   21   21   21  255   19   19   19  255   17   17   17  255   15   15   15  255   12   12   12  255   10   10   10  255    7    7    7  255    3    3    3  255    0    0    0  255    0    0    0  255    0    0    0  255    0    0    0  236    0    0    0   19    0    0    0    0    0    0    0    0    0    0    0    0    0    0    0    0
    0    0    0    0    0    0    0    0    0    0    0    0    0    0    0    0    1    1    1   14   13   13   13  229   20   20   20  255   23   23   23  255   24   24   24  255   25   25   25  255   25   25   25  255   24   24   24  255   23   23   23  255   22   22   22  255   21   21   21  255   19   19   19  255   17   17   17  255   15   15   15  255   13   13   13  255   10   10   10  255    8    8    8  255    4    4    4  255    1    1    1  255    0    0    0  255    0    0    0  255    0    0    0  255    0    0    0  180    0    0    0    0    0    0    0    0    0    0    0    0    0    0    0    0    0    0    0    0
    0    0    0    0    0    0    0    0    0    0    0    0    0    0    0    0    0    0    0    0    6    6    6  143   17   17   17  255   19   19   19  255   21   21   21  255   22   22   22  255   22   22   22  255   21   21   21  255   21   21   21  255   20   20   20  255   18   18   18  255   17   17   17  255   15   15   15  255   13   13   13  255   11   11   11  255    8    8    8  255    6    6    6  255    2    2    2  255    0    0    0  255    0    0    0  255    0    0    0  255    0    0    0  255    0    0    0   79    0    0    0    0    0    0    0    0    0    0    0    0    0    0    0    0    0    0    0    0
    0    0    0    0    0    0    0    0    0    0    0    0    0    0    0    0    0    0    0    0    0    0    0   39   10   10   10  241   15   15   15  255   17   17   17  255   18   18   18  255   19   19   19  255   18   18   18  255   18   18   18  255   17   17   17  255   16   16   16  255   14   14   14  255   12   12   12  255   10   10   10  255    8    8    8  255    6    6    6  255    3    3    3  255    0    0    0  255    0    0    0  255    0    0    0  255    0    0    0  255    0    0    0  206    0    0    0   13    0    0    0    0    0    0    0    0    0    0    0    0    0    0    0    0    0    0    0    0
    0    0    0    0    0    0    0    0    0    0    0    0    0    0    0    0    0    0    0   13    0    0    0   31    2    2    2  150   10   10   10  255   13   13   13  255   14   14   14  255   15   15   15  255   15   15   15  255   15   15   15  255   14   14   14  255   13   13   13  255   11   11   11  255   10   10   10  255    7    7    7  255    5    5    5  255    3    3    3  255    1    1    1  255    0    0    0  255    0    0    0  255    0    0    0  255    0    0    0  254    0    0    0  116    0    0    0   34    0    0    0   13    0    0    0    0    0    0    0    0    0    0    0    0    0    0    0    0
    0    0    0    0    0    0    0    0    0    0    0    0    0    0    0    2    0    0    0   20    0    0    0   50    0    0    0   86    2    2    2  199    7    7    7  255   10   10   10  255   11   11   11  255   11   11   11  255   11   11   11  255   10   10   10  255    9    9    9  255    8    8    8  255    6    6    6  255    4    4    4  255    2    2    2  255    0    0    0  255    0    0    0  255    0    0    0  255    0    0    0  255    0    0    0  255    0    0    0  169    0    0    0   84    0    0    0   51    0    0    0   20    0    0    0    2    0    0    0    0    0    0    0    0    0    0    0    0
    0    0    0    0    0    0    0    0    0    0    0    0    0    0    0    1    0    0    0   17    0    0    0   43    0    0    0   79    0    0    0  113    1    1    1  213    4    4    4  255    6    6    6  255    7    7    7  255    7    7    7  255    6    6    6  255    6    6    6  255    4    4    4  255    3    3    3  255    1    1    1  255    0    0    0  255    0    0    0  255    0    0    0  255    0    0    0  255    0    0    0  255    0    0    0  188    0    0    0  107    0    0    0   81    0    0    0   43    0    0    0   17    0    0    0    1    0    0    0    0    0    0    0    0    0    0    0    0
    0    0    0    0    0    0    0    0    0    0    0    0    0    0    0    0    0    0    0    5    0    0    0   24    0    0    0   52    0    0    0   87    0    0    0  129    0    0    0  208    1    1    1  253    1    1    1  255    2    2    2  255    2    2    2  255    1    1    1  255    0    0    0  255    0    0    0  255    0    0    0  255    0    0    0  255    0    0    0  255    0    0    0  255    0    0    0  247    0    0    0  188    0    0    0  121    0    0    0   88    0    0    0   52    0    0    0   24    0    0    0    5    0    0    0    0    0    0    0    0    0    0    0    0    0    0    0    0
    0    0    0    0    0    0    0    0    0    0    0    0    0    0    0    0    0    0    0    0    0    0    0    3    0    0    0   17    0    0    0   39    0    0    0   71    0    0    0  113    0    0    0  170    0    0    0  225    0    0    0  252    0    0    0  255    0    0    0  255    0    0    0  255    0    0    0  255    0    0    0  255    0    0    0  255    0    0    0  248    0    0    0  215    0    0    0  158    0    0    0  106    0    0    0   70    0    0    0   40    0    0    0   17    0    0    0    3    0    0    0    0    0    0    0    0    0    0    0    0    0    0    0    0    0    0    0    0
    0    0    0    0    0    0    0    0    0    0    0    0    0    0    0    0    0    0    0    0    0    0    0    0    0    0    0    0    0    0    0    3    0    0    0   12    0    0    0   29    0    0    0   53    0    0    0   86    0    0    0  126    0    0    0  162    0    0    0  185    0    0    0  195    0    0    0  194    0    0    0  181    0    0    0  156    0    0    0  119    0    0    0   81    0    0    0   51    0    0    0   28    0    0    0   13    0    0    0    3    0    0    0    0    0    0    0    0    0    0    0    0    0    0    0    0    0    0    0    0    0    0    0    0    0    0    0    0
    0    0    0    0    0    0    0    0    0    0    0    0    0    0    0    0    0    0    0    0    0    0    0    0    0    0    0    0    0    0    0    0    0    0    0    0    0    0    0    0    0    0    0    0    0    0    0    1    0    0    0    5    0    0    0   12    0    0    0   18    0    0    0   22    0    0    0   22    0    0    0   17    0    0    0   11    0    0    0    5    0    0    0    1    0    0    0    0    0    0    0    0    0    0    0    0    0    0    0    0    0    0    0    0    0    0    0    0    0    0    0    0    0    0    0    0    0    0    0    0    0    0    0    0    0    0    0    0
