   32   32
    0    0    0    0    0    0    0    0    0    0    0    0    0    0    0    0    0    0    0    0    0    0    0    0    0    0    0    0    0    0    0    0    0    0    0    0    0    0    0    0    0    0    0    0    0    0    0    0    0    0    0    0    0    0    0    0    0    0    0    0    0    0    0    0    0    0    0    0    0    0    0    0    0    0    0    0    0    0    0    0    0    0    0    0    0    0    0    0    0    0    0    0    0    0    0    0    0    0    0    0    0    0    0    0    0    0    0    0    0    0    0    0    0    0    0    0    0    0    0    0    0    0    0    0    0    0    0    0
    0    0    0    0    0    0    0    0    0    0    0    0    0    0    0    0    0    0    0    0    0    0    0    0    0    0    0    0    0    0    0    0    0    0    0    0    0    0    0    0    0    0    0    0  244  240  245  255  228  224  227  255  212  200  211  255  191  190  195  255  191  190  195  255  212  200  211  255  228  224  227  255  244  240  245  255  244  240  245  255  228  224  227  255    0    0    0    0    0    0    0    0    0    0    0    0    0    0    0    0    0    0    0    0    0    0    0    0    0    0    0    0    0    0    0    0    0    0    0    0    0    0    0    0    0    0    0    0
    0    0    0    0    0    0    0    0    0    0    0    0    0    0    0    0    0    0    0    0    0    0    0    0    0    0    0    0    0    0    0    0    0    0    0    0  228  224  227  255  200  140  165  255  195   72  135  255  189   29  103  255  155    6  115  255  134    3  105  255   98   11  112  255   58   11   87  255   58   53   76  255   94  100  114  255  160  166  169  255  210  209  211  255  228  224  227  255  228  224  227  255    0    0    0    0    0    0    0    0    0    0    0    0    0    0    0    0    0    0    0    0    0    0    0    0    0    0    0    0    0    0    0    0    0    0    0    0
    0    0    0    0    0    0    0    0    0    0    0    0    0    0    0    0    0    0    0    0    0    0    0    0    0    0    0    0  228  224  227  255  200  140  165  255  189   29  103  255  213    0   99  255  213    0   99  255  184    3  111  255  184    3  111  255  155    6  115  255  134    3  105  255   98   11  112  255   58   11   87  255   25   53  114  255    3   85  109  255   41   86  127  255  115  151  140  255  210  209  211  255  228  224  227  255    0    0    0    0    0    0    0    0    0    0    0    0    0    0    0    0    0    0    0    0    0    0    0    0    0    0    0    0    0    0    0    0
    0    0    0    0    0    0    0    0    0    0    0    0    0    0    0    0    0    0    0    0    0    0    0    0  233  195  175  255  220   53   47  255  228   16   47  255  231   13  113  255  231   13  113  255  223    6  129  255  223    6  129  255  184    3  111  255  155    6  115  255  134    3  105  255   98   11  112  255   57   22  109  255   34   45  119  255   21   85  139  255    4  109  148  255    4   99  124  255   41   86  127  255  177  179  180  255  228  224  227  255    0    0    0    0    0    0    0    0    0    0    0    0    0    0    0    0    0    0    0    0    0    0    0    0    0    0    0    0
    0    0    0    0    0    0    0    0    0    0    0    0    0    0    0    0    0    0    0    0  244  186  145  255  220   53   47  255  228   16   47  255  238    6   81  255  238    6   81  255  231   13  113  255  223    6  129  255  223    6  129  255  188    7  127  255  155    6  115  255  134    3  105  255   98   11  112  255   57   22  109  255   34   45  119  255   21   85  139  255    6  119  151  255    6  119  151  255    4   99  124  255    3   75   96  255  160  166  169  255  228  224  227  255    0    0    0    0    0    0    0    0    0    0    0    0    0    0    0    0    0    0    0    0    0    0    0    0
    0    0    0    0    0    0    0    0    0    0    0    0    0    0    0    0  233  195  175  255  206  136   16  255  220   53   47  255  238    6   81  255  238    6   81  255  255    9  101  255  255    9  101  255  243   21  138  255  223    6  129  255  188    7  127  255  188    7  127  255  134    3  105  255   98   11  112  255   57   22  109  255   34   45  119  255   21   85  139  255    6  119  151  255    6  119  151  255    4  109  148  255    4   99  124  255    8   61   91  255  160  166  169  255  228  224  227  255    0    0    0    0    0    0    0    0    0    0    0    0    0    0    0    0    0    0    0    0
    0    0    0    0    0    0    0    0    0    0    0    0  210  209  211  255  224  209   19  255  255  119   41  255  254   64   48  255  252   11   75  255  252   11   75  255  255    9  101  255  255    9  101  255  243   21  138  255  243   21  138  255  223    6  129  255  188    7  127  255  155    6  115  255  134    3  105  255   98   11  112  255   57   22  109  255   25   53  114  255    4  109  148  255    6  119  151  255    6  119  151  255    4  109  148  255    3   85  109  255    8   61   91  255  191  190  195  255  210  209  211  255    0    0    0    0    0    0    0    0    0    0    0    0    0    0    0    0
    0    0    0    0    0    0    0    0  244  240  245  255  184  214   68  255  247  226   32  255  236  163   26  255  254   64   48  255  252   11   75  255  252   11   75  255  255    9  101  255  255    9  101  255  251   29  136  255  251   29  136  255  243   21  138  255  223    6  129  255  188    7  127  255  155    6  115  255   98   11  112  255   57   22  109  255   34   45  119  255   21   85  139  255    6  119  151  255    6  119  151  255    4  109  148  255    4   99  124  255    8   61   91  255   94  100  114  255  210  209  211  255    0    0    0    0    0    0    0    0    0    0    0    0    0    0    0    0
    0    0    0    0    0    0    0    0  148  186  162  255  161  207   32  255  255  247   27  255  254  187   46  255  254   64   48  255  254   64   48  255  252   11   75  255  255    9  101  255  251   29  136  255  251   29  136  255  251   29  136  255  251   29  136  255  243   21  138  255  223    6  129  255  188    7  127  255  134    3  105  255   98   11  112  255   57   22  109  255   25   53  114  255    4  109  148  255    6  119  151  255    4  109  148  255    4   99  124  255    3   85  109  255    0   51   69  255  160  166  169  255  210  209  211  255    0    0    0    0    0    0    0    0    0    0    0    0
    0    0    0    0  244  240  245  255   63  145   99  255  133  215   36  255  255  247   27  255  247  226   32  255  255  119   41  255  254   64   48  255  252   11   75  255  255   51  102  255  254   63  145  255  255   82  187  255  255   82  187  255  255   82  187  255  254   63  145  255  243   21  138  255  188    7  127  255  155    6  115  255   98   11  112  255   58   11   87  255   34   45  119  255   21   85  139  255    6  119  151  255    6  119  151  255    4   99  124  255    3   85  109  255    0   57   71  255   85   86   93  255  210  209  211  255    0    0    0    0    0    0    0    0    0    0    0    0
    0    0    0    0  210  209  211  255    5  143   69  255   80  187   55  255  199  247   39  255  255  247   27  255  254  187   46  255  255  119   41  255  254   64   48  255  255   51  102  255  255  101  171  255  255  143  210  255  255  143  210  255  255   82  187  255  254   63  145  255  251   29  136  255  223    6  129  255  184    3  111  255  155    6  115  255   98   11  112  255   57   22  109  255   25   53  114  255   21   85  139  255    4  109  148  255    4   99  124  255    3   85  109  255    3   75   96  255    0   57   71  255  177  179  180  255  210  209  211  255    0    0    0    0    0    0    0    0
    0    0    0    0  148  186  162  255    8  133   61  255   24  162   70  255  133  215   36  255  254  255   40  255  255  247   27  255  254  187   46  255  251  141   70  255  252  130  117  255  254  146  179  255  255  143  210  255  255  143  210  255  255  101  171  255  254   63  145  255  251   29  136  255  231   13  113  255  213    0   99  255  184    3  111  255  134    3  105  255   58   11   87  255   30   26   87  255   25   53  114  255    4   99  124  255    4   99  124  255    3   85  109  255    3   75   96  255    0   51   69  255  129  128  131  255  210  209  211  255  210  209  211  255    0    0    0    0
    0    0    0    0   93  140  113  255    5  143   69  255    5  143   69  255   80  187   55  255  199  247   39  255  255  247   27  255  255  247   27  255  254  187   46  255  255  216   92  255  244  186  145  255  254  146  179  255  254  146  179  255  255  101  171  255  254   63  145  255  255    9  101  255  238    6   81  255  213    0   99  255  213    0   99  255  165    3  104  255   98   11  112  255   58   11   87  255   30   26   87  255   25   53  114  255    3   85  109  255    3   85  109  255    3   75   96  255    0   51   69  255   85   86   93  255  188  188  190  255  212  200  211  255    0    0    0    0
  244  240  245  255   63  145   99  255    5  143   69  255    5  143   69  255   24  162   70  255  107  195   49  255  199  247   39  255  255  247   27  255  254  255   40  255  255  216   92  255  255  216   92  255  244  186  145  255  252  130  117  255  252  130  117  255  255   51  102  255  238    6   81  255  238    6   81  255  190    3   72  255  190    3   72  255  184    3  111  255  134    3  105  255   97    5   71  255   58   11   87  255   30   26   87  255    8   61   91  255    3   85  109  255    3   75   96  255    0   57   71  255   42   70   74  255  160  166  169  255  191  190  195  255    0    0    0    0
  244  240  245  255   63  145   99  255    8  133   61  255    5  143   69  255    5  143   69  255   24  162   70  255  133  215   36  255  199  247   39  255  254  255   40  255  254  255   40  255  255  216   92  255  255  216   92  255  251  141   70  255  251  141   70  255  254   64   48  255  228   16   47  255  228   16   47  255  185    3   58  255  190    3   72  255  190    3   72  255  165    3  104  255  134    5   73  255   58   11   87  255   30   26   87  255   30   26   87  255    8   61   91  255    8   61   91  255    0   51   69  255   42   70   74  255  153  153  153  255  188  188  190  255    0    0    0    0
  244  240  245  255   63  145   99  255    8  133   61  255    5  143   69  255    5  143   69  255    5  143   69  255   60  180   64  255  133  215   36  255  199  247   39  255  254  255   40  255  254  255   40  255  247  226   32  255  254  187   46  255  255  119   41  255  230  111   29  255  220   53   47  255  187   21   32  255  185    3   58  255  185    3   58  255  185    3   58  255  165    3  104  255  134    5   73  255   97    5   71  255   58   11   87  255   27   25   62  255    0   51   69  255    0   51   69  255    0   51   69  255   42   70   74  255  137  138  140  255  160  166  169  255  188  188  190  255
  244  240  245  255   93  140  113  255    4  119   55  255    5  143   69  255    5  143   69  255    5  143   69  255   24  162   70  255   80  187   55  255  161  207   32  255  199  247   39  255  239  230   33  255  247  226   32  255  247  226   32  255  236  163   26  255  230  111   29  255  218  107   25  255  184   65   28  255  187   21   32  255  185    3   58  255  185    3   58  255  190    3   72  255  134    5   73  255   97    5   71  255   97    5   71  255   27   25   62  255   27   25   62  255   27   25   62  255   27   25   62  255   58   53   76  255  137  138  140  255  153  153  153  255  188  188  190  255
    0    0    0    0  115  151  140  255    4  119   55  255    8  133   61  255    5  143   69  255    5  143   69  255    5  143   69  255   24  162   70  255  107  195   49  255  161  207   32  255  199  247   39  255  224  209   19  255  224  209   19  255  224  209   19  255  192  158   20  255  206  136   16  255  184   65   28  255  184   65   28  255  187   21   32  255  145    2   43  255  145    2   43  255  134    5   73  255  134    5   73  255   97    5   71  255   58   11   87  255   27   25   62  255   27   25   62  255   27   25   62  255   85   86   93  255  137  138  140  255  153  153  153  255  177  179  180  255
  244  240  245  255  177  179  180  255    0  102   51  255    8  133   61  255    8  133   61  255    8  133   61  255    5  143   69  255    5  143   69  255   60  180   64  255  107  195   49  255  161  207   32  255  224  209   19  255  224  209   19  255  224  209   19  255  185  181   22  255  206  136   16  255  181  115   21  255  184   65   28  255  187   21   32  255  145    2   43  255  145    2   43  255  145    2   43  255  134    5   73  255   97    5   71  255   58   11   87  255   64   31   74  255   27   25   62  255   27   25   62  255  126  116  118  255  129  128  131  255  137  138  140  255  177  179  180  255
    0    0    0    0  228  224  227  255   41  144   70  255    4  119   55  255    8  133   61  255    8  133   61  255    8  133   61  255    8  133   61  255   41  144   70  255   80  187   55  255  142  177   26  255  165  200   28  255  185  181   22  255  185  181   22  255  185  181   22  255  192  158   20  255  181  115   21  255  181  115   21  255  151   51   33  255  145    2   43  255  145    2   43  255  145    2   43  255  134    5   73  255  134    5   73  255   85   22   60  255   64   31   74  255   27   25   62  255   58   53   76  255  129  128  131  255  129  128  131  255  137  138  140  255  177  179  180  255
    0    0    0    0  244  240  245  255  115  151  140  255    5   88   43  255    4  119   55  255    4  119   55  255    8  133   61  255    8  133   61  255    8  133   61  255   41  144   70  255  113  170   32  255  142  177   26  255  165  200   28  255  185  181   22  255  185  181   22  255  192  158   20  255  181  115   21  255  181  115   21  255  151   51   33  255  145    2   43  255  145    2   43  255  134    5   73  255  134    5   73  255  134    5   73  255   99   47   80  255   99   47   80  255   27   25   62  255   85   86   93  255  137  138  140  255  129  128  131  255  137  138  140  255  177  179  180  255
    0    0    0    0  244  240  245  255  228  224  227  255   42   70   74  255    0  102   51  255    4  119   55  255    4  119   55  255    4  119   55  255    4  119   55  255   55  124   36  255   95  134   28  255  113  170   32  255  142  177   26  255  142  177   26  255  185  181   22  255  149  152   17  255  145  139   19  255  144   98   21  255  151   51   33  255  140   29   38  255  145    2   43  255  145    2   43  255  142   43   69  255  153   51  102  255  102   51  102  255   64   31   74  255   64   31   74  255  129  128  131  255  129  128  131  255  129  128  131  255  137  138  140  255  177  179  180  255
    0    0    0    0  228  224  227  255  244  240  245  255  160  166  169  255    5   88   43  255    0  102   51  255    0  102   51  255    0  102   51  255    0  102   51  255    4  119   55  255   55  124   36  255   95  134   28  255  113  170   32  255  149  152   17  255  149  152   17  255  149  152   17  255  149  152   17  255  144   98   21  255  151   51   33  255  140   29   38  255  145    2   43  255  142   43   69  255  153   51  102  255  149   64  115  255  102   51  102  255   64   31   74  255  126  116  118  255  129  128  131  255  129  128  131  255  129  128  131  255  153  153  153  255  177  179  180  255
    0    0    0    0    0    0    0    0  228  224  227  255  228  224  227  255  115  151  140  255    8   59   26  255    5   88   43  255    5   88   43  255    5   88   43  255    5   88   43  255   55  124   36  255   95  134   28  255   95  134   28  255  149  152   17  255  149  152   17  255  149  152   17  255  149  152   17  255  144   98   21  255  141   68   28  255  140   29   38  255  140   29   38  255  153   51  102  255  149   64  115  255  153   51  102  255   85   22   60  255   94  100  114  255  137  138  140  255  129  128  131  255  129  128  131  255  129  128  131  255  160  166  169  255  177  179  180  255
    0    0    0    0    0    0    0    0    0    0    0    0  228  224  227  255  228  224  227  255   93  140  113  255    8   59   26  255    5   88   43  255    5   88   43  255    5   88   43  255   46   93   23  255   55  124   36  255   95  134   28  255   95  134   28  255  145  139   19  255  145  139   19  255  145  139   19  255  144   98   21  255  141   68   28  255  140   29   38  255  142   43   69  255  153   51  102  255  153   51  102  255   85   22   60  255  112   91   84  255  137  138  140  255  129  128  131  255  129  128  131  255  129  128  131  255  153  153  153  255  177  179  180  255  177  179  180  255
    0    0    0    0    0    0    0    0    0    0    0    0    0    0    0    0  228  224  227  255  228  224  227  255  137  138  140  255    8   59   26  255    8   59   26  255    5   88   43  255    5   88   43  255   46   93   23  255   95  134   28  255   95  134   28  255  138  122   15  255  138  122   15  255  138  122   15  255  144   98   21  255  141   68   28  255  142   43   69  255  142   43   69  255  142   43   69  255   99   47   80  255  126  116  118  255  137  138  140  255  129  128  131  255  129  128  131  255  129  128  131  255  137  138  140  255  177  179  180  255  191  190  195  255  188  188  190  255
    0    0    0    0    0    0    0    0    0    0    0    0    0    0    0    0    0    0    0    0  228  224  227  255  228  224  227  255  188  188  190  255   85   86   93  255    8   59   26  255    8   59   26  255    8   59   26  255   46   93   23  255   46   93   23  255   96   91   26  255   95  134   28  255  138  122   15  255  144   98   21  255  141   68   28  255  104   49   38  255  104   49   38  255  112   91   84  255  126  116  118  255  137  138  140  255  129  128  131  255  129  128  131  255  129  128  131  255  137  138  140  255  160  166  169  255  188  188  190  255    0    0    0    0    0    0    0    0
    0    0    0    0    0    0    0    0    0    0    0    0    0    0    0    0    0    0    0    0    0    0    0    0    0    0    0    0  228  224  227  255  228  224  227  255  177  179  180  255   94  100  114  255   42   70   74  255    8   59   26  255    8   59   26  255   46   93   23  255   46   93   23  255   96   91   26  255   96   91   26  255   96   91   26  255  112   91   84  255  126  116  118  255  137  138  140  255  129  128  131  255  129  128  131  255  129  128  131  255  129  128  131  255  137  138  140  255  160  166  169  255  188  188  190  255  191  190  195  255    0    0    0    0    0    0    0    0
    0    0    0    0    0    0    0    0    0    0    0    0    0    0    0    0    0    0    0    0    0    0    0    0    0    0    0    0    0    0    0    0  210  209  211  255  210  209  211  255  228  224  227  255  210  209  211  255  177  179  180  255  153  153  153  255  137  138  140  255  130  130  122  255  130  130  122  255  130  130  122  255  137  138  140  255  137  138  140  255  129  128  131  255  129  128  131  255  129  128  131  255  129  128  131  255  137  138  140  255  153  153  153  255  160  166  169  255  188  188  190  255    0    0    0    0    0    0    0    0    0    0    0    0    0    0    0    0
    0    0    0    0    0    0    0    0    0    0    0    0    0    0    0    0    0    0    0    0    0    0    0    0    0    0    0    0    0    0    0    0    0    0    0    0    0    0    0    0    0    0    0    0  210  209  211  255  210  209  211  255  210  209  211  255  210  209  211  255  188  188  190  255  177  179  180  255  160  166  169  255  153  153  153  255  153  153  153  255  137  138  140  255  137  138  140  255  153  153  153  255  160  166  169  255  177  179  180  255  177  179  180  255  188  188  190  255  188  188  190  255    0    0    0    0    0    0    0    0    0    0    0    0    0    0    0    0
    0    0    0    0    0    0    0    0    0    0    0    0    0    0    0    0    0    0    0    0    0    0    0    0    0    0    0    0    0    0    0    0    0    0    0    0    0    0    0    0    0    0    0    0    0    0    0    0    0    0    0    0  210  209  211  255  210  209  211  255  210  209  211  255  210  209  211  255  191  190  195  255  191  190  195  255  188  188  190  255  188  188  190  255  188  188  190  255  188  188  190  255  188  188  190  255  191  190  195  255    0    0    0    0    0    0    0    0    0    0    0    0    0    0    0    0    0    0    0    0    0    0    0    0    0    0    0    0
