   32   32
    0    0    0    0    0    0    0    0    0    0    0    0    0    0    0    0    0    0    0    0    0    0    0    0    0    0    0    0    0    0    0    0    0    0    0    0    0    0    0    0    0    0    0    0    0    0    0    0    0    0    0    0  246  251  253  255  246  251  253  255  246  251  253  255    0    0    0    0    0    0    0    0    0    0    0    0    0    0    0    0    0    0    0    0    0    0    0    0    0    0    0    0    0    0    0    0    0    0    0    0    0    0    0    0    0    0    0    0    0    0    0    0    0    0    0    0    0    0    0    0    0    0    0    0    0    0    0    0
    0    0    0    0    0    0    0    0    0    0    0    0    0    0    0    0    0    0    0    0    0    0    0    0    0    0    0    0    0    0    0    0    0    0    0    0    0    0    0    0    0    0    0    0  246  251  253  255  230  227  229  255  204  204  204  255  221  191  190  255  221  191  190  255  204  204  204  255  221  221  226  255  230  233  239  255  230  233  239  255  230  233  239  255    0    0    0    0    0    0    0    0    0    0    0    0    0    0    0    0    0    0    0    0    0    0    0    0    0    0    0    0    0    0    0    0    0    0    0    0    0    0    0    0    0    0    0    0
    0    0    0    0    0    0    0    0    0    0    0    0    0    0    0    0    0    0    0    0    0    0    0    0    0    0    0    0    0    0    0    0    0    0    0    0  230  227  229  255  206  125  126  255  189   71   74  255  180   30   29  255  176    0    2  255  176    0    2  255  198  117    2  255  193  116    7  255  179  120   35  255  179  134   72  255  188  167  136  255  212  213  217  255  230  233  239  255  230  227  229  255    0    0    0    0    0    0    0    0    0    0    0    0    0    0    0    0    0    0    0    0    0    0    0    0    0    0    0    0    0    0    0    0    0    0    0    0
    0    0    0    0    0    0    0    0    0    0    0    0    0    0    0    0    0    0    0    0    0    0    0    0    0    0    0    0  230  227  229  255  206  125  126  255  191   22   27  255  204    0    0  255  204    0    0  255  204    0    0  255  204    0    0  255  210   29    6  255  231  131    7  255  231  131    7  255  211  122    2  255  198  117    2  255  173   97    0  255  150  103   30  255  169  148  118  255  212  213  217  255  230  227  229  255    0    0    0    0    0    0    0    0    0    0    0    0    0    0    0    0    0    0    0    0    0    0    0    0    0    0    0    0    0    0    0    0
    0    0    0    0    0    0    0    0    0    0    0    0    0    0    0    0    0    0    0    0    0    0    0    0  220  176  177  255  191   22   27  255  204    0    0  255  204    0    0  255  222    6    6  255  222    6    6  255  214    6    8  255  214    6    8  255  210   29    6  255  247  146    3  255  232  142    8  255  232  142    8  255  218  131    7  255  206  123    5  255  180  107    4  255  157   88    0  255  139  100   45  255  191  182  177  255  230  227  229  255    0    0    0    0    0    0    0    0    0    0    0    0    0    0    0    0    0    0    0    0    0    0    0    0    0    0    0    0
    0    0    0    0    0    0    0    0    0    0    0    0    0    0    0    0    0    0    0    0  212  141  145  255  204    0    0  255  204    0    0  255  222    6    6  255  222    6    6  255  222    6    6  255  222    6    6  255  222    6    6  255  222    6    6  255  223   31    9  255  247  146    3  255  247  146    3  255  232  142    8  255  223  131    2  255  211  122    2  255  198  117    2  255  180  107    4  255  157   88    0  255  126   74    2  255  176  167  159  255  221  221  226  255    0    0    0    0    0    0    0    0    0    0    0    0    0    0    0    0    0    0    0    0    0    0    0    0
    0    0    0    0    0    0    0    0    0    0    0    0    0    0    0    0  211  147  145  255  204    0    0  255  222    6    6  255  222    6    6  255  232    9    8  255  232    9    8  255  232    9    8  255  232    9    8  255  222    6    6  255  222    6    6  255  223   31    9  255  249  149    8  255  249  149    8  255  232  142    8  255  232  142    8  255  218  131    7  255  206  123    5  255  188  110    3  255  166   99    5  255  140   81    4  255  109   66   16  255  176  167  159  255  221  221  226  255    0    0    0    0    0    0    0    0    0    0    0    0    0    0    0    0    0    0    0    0
    0    0    0    0    0    0    0    0    0    0    0    0  221  191  190  255  193    0    4  255  222    6    6  255  222    6    6  255  232    9    8  255  232    9    8  255  232    9    8  255  232    9    8  255  232    9    8  255  232    9    8  255  232    9    8  255  223   31    9  255  249  149    8  255  249  149    8  255  249  149    8  255  232  142    8  255  223  131    2  255  206  123    5  255  193  116    7  255  180  107    4  255  166   99    5  255  126   74    2  255  109   66   16  255  190  190  192  255  212  213  217  255    0    0    0    0    0    0    0    0    0    0    0    0    0    0    0    0
    0    0    0    0    0    0    0    0  239  242  246  255  194   49   49  255  222    6    6  255  232    9    8  255  232    9    8  255  232    9    8  255  232    9    8  255  232    9    8  255  240   17   16  255  240   17   16  255  240   17   16  255  240   17   16  255  223   31    9  255  255  153    0  255  255  153    0  255  247  146    3  255  232  140    0  255  223  131    2  255  211  122    2  255  198  117    2  255  188  110    3  255  166   99    5  255  146   88    6  255  112   63    1  255  115   95   82  255  212  213  217  255    0    0    0    0    0    0    0    0    0    0    0    0    0    0    0    0
    0    0    0    0    0    0    0    0  211  147  145  255  204    0    0  255  222    6    6  255  232    9    8  255  232    9    8  255  232    9    8  255  232    9    8  255  240   17   16  255  252   33   33  255  254   43   44  255  254   43   44  255  252   33   33  255  252   33   33  255  255  158    9  255  255  158    9  255  247  146    3  255  232  140    0  255  223  131    2  255  211  122    2  255  198  117    2  255  188  110    3  255  166   99    5  255  146   88    6  255  126   74    2  255   85   50    3  255  176  167  159  255  212  213  217  255    0    0    0    0    0    0    0    0    0    0    0    0
    0    0    0    0  239  242  246  255  194   49   49  255  214    6    8  255  222    6    6  255  232    9    8  255  232    9    8  255  232    9    8  255  240   17   16  255  254   43   44  255  254   60   67  255  254   82   81  255  254   82   81  255  254   60   67  255  251   67   44  255  255  167   23  255  255  158    9  255  247  146    3  255  232  142    8  255  223  131    2  255  223  131    2  255  198  117    2  255  188  110    3  255  173   97    0  255  146   88    6  255  126   74    2  255   85   50    3  255  115   95   82  255  212  213  217  255    0    0    0    0    0    0    0    0    0    0    0    0
    0    0    0    0  221  191  190  255  193    0    4  255  222    6    6  255  222    6    6  255  222    6    6  255  222    6    6  255  240   17   16  255  252   33   33  255  254   60   67  255  255  102  102  255  254  123  122  255  254  123  122  255  251   90   97  255  250   88   64  255  255  177   32  255  255  158    9  255  247  146    3  255  232  140    0  255  223  131    2  255  211  122    2  255  198  117    2  255  188  110    3  255  173   97    0  255  146   88    6  255  140   81    4  255  112   63    1  255   85   50    3  255  179  179  181  255  212  213  217  255    0    0    0    0    0    0    0    0
    0    0    0    0  206  125  126  255  193    0    4  255  214    6    8  255  222    6    6  255  222    6    6  255  232    9    8  255  240   17   16  255  252   33   33  255  254   82   81  255  254  123  122  255  253  139  136  255  253  139  136  255  255  102  102  255  250   88   64  255  255  177   32  255  255  158    9  255  247  146    3  255  232  140    0  255  223  131    2  255  206  123    5  255  193  116    7  255  188  110    3  255  173   97    0  255  157   88    0  255  140   81    4  255  126   74    2  255   85   50    3  255  135  122  122  255  204  204  204  255  204  204  204  255    0    0    0    0
    0    0    0    0  189   71   74  255  204    0    0  255  214    6    8  255  222    6    6  255  222    6    6  255  222    6    6  255  240   17   16  255  252   33   33  255  254   82   81  255  254  123  122  255  253  139  136  255  254  123  122  255  251   90   97  255  250   88   64  255  255  177   32  255  255  158    9  255  247  146    3  255  231  131    7  255  223  131    2  255  206  123    5  255  193  116    7  255  180  107    4  255  166   99    5  255  146   88    6  255  140   81    4  255  126   74    2  255   85   50    3  255  115   95   82  255  190  190  192  255  204  204  204  255    0    0    0    0
  246  251  253  255  177   60   64  255  193    0    4  255  193    0    4  255  214    6    8  255  214    6    8  255  214    6    8  255  232    9    8  255  249   23   31  255  254   60   67  255  254   82   81  255  255  102  102  255  251   90   97  255  254   60   67  255  251   67   44  255  255  167   23  255  255  158    9  255  232  142    8  255  232  142    8  255  218  131    7  255  206  123    5  255  193  116    7  255  180  107    4  255  166   99    5  255  146   88    6  255  146   88    6  255  126   74    2  255   85   50    3  255   93   75   51  255  164  164  166  255  190  190  192  255    0    0    0    0
  239  242  246  255  187   88   61  255  212   66    3  255  224   79    7  255  237   88    9  255  237   88    9  255  237   88    9  255  237   88    9  255  251  102   17  255  255  122   37  255  254  137   53  255  254  137   53  255  254  137   53  255  255  122   37  255  251  102   17  255  224   79    7  255  212   66    3  255  203   61    3  255  203   61    3  255  179   56    7  255  179   56    7  255  179   56    7  255  153   51    0  255  153   51    0  255  123   53    8  255  123   53    8  255  123   53    8  255   91   12   15  255   94   43   43  255  153  153  153  255  184  183  187  255    0    0    0    0
  239  242  246  255  193  148   70  255  232  140    0  255  249  149    8  255  255  158    9  255  255  158    9  255  255  158    9  255  255  158    9  255  255  158    9  255  254  186   26  255  254  186   26  255  254  186   26  255  254  186   26  255  254  186   26  255  231  131    7  255  193    0    4  255  193    0    4  255  176    0    2  255  176    0    2  255  176    0    2  255  153    0    0  255  153    0    0  255  142    2    2  255  127    0    2  255  127    0    2  255  111    4    5  255  111    4    5  255   74    1    2  255   94   43   43  255  137  140  140  255  164  164  166  255  190  190  192  255
  239  242  246  255  193  148   70  255  211  122    2  255  232  142    8  255  247  146    3  255  249  149    8  255  249  149    8  255  249  149    8  255  249  149    8  255  255  158    9  255  255  158    9  255  255  158    9  255  255  158    9  255  249  149    8  255  231  131    7  255  193    0    4  255  176    0    2  255  176    0    2  255  167    1    1  255  167    1    1  255  153    0    0  255  142    2    2  255  142    2    2  255  127    0    2  255  127    0    2  255  111    4    5  255  111    4    5  255   74    1    2  255   89   60   62  255  137  140  140  255  153  153  153  255  184  183  187  255
  246  251  253  255  188  167  136  255  198  117    2  255  218  131    7  255  232  142    8  255  232  142    8  255  247  146    3  255  247  146    3  255  247  146    3  255  247  146    3  255  247  146    3  255  247  146    3  255  247  146    3  255  232  140    0  255  211  122    2  255  176    0    2  255  176    0    2  255  167    1    1  255  167    1    1  255  153    0    0  255  153    0    0  255  142    2    2  255  142    2    2  255  127    0    2  255  111    4    5  255  111    4    5  255   97   11   11  255   74    1    2  255  111   76   77  255  137  140  140  255  153  153  153  255  179  179  181  255
  246  251  253  255  191  182  177  255  180  107    4  255  211  122    2  255  218  131    7  255  232  142    8  255  232  142    8  255  232  142    8  255  232  142    8  255  232  140    0  255  232  140    0  255  232  140    0  255  232  140    0  255  223  131    2  255  204  102    0  255  176    0    2  255  176    0    2  255  167    1    1  255  167    1    1  255  153    0    0  255  142    2    2  255  142    2    2  255  130    6    8  255  130    6    8  255  130    6    8  255  114   16   17  255   97   11   11  255   97   11   11  255  120  107  109  255  132  131  134  255  137  140  140  255  173  173  174  255
    0    0    0    0  230  227  229  255  169  116   38  255  198  117    2  255  206  123    5  255  218  131    7  255  223  131    2  255  223  131    2  255  223  131    2  255  223  131    2  255  223  131    2  255  223  131    2  255  223  131    2  255  223  131    2  255  204  102    0  255  167    1    1  255  167    1    1  255  153    0    0  255  153    0    0  255  142    2    2  255  142    2    2  255  142    2    2  255  130    6    8  255  130    6    8  255  127   16   15  255  121   30   31  255   97   11   11  255   94   43   43  255  132  131  134  255  126  128  130  255  137  140  140  255  173  173  174  255
    0    0    0    0  239  242  246  255  188  167  136  255  173   97    0  255  193  116    7  255  206  123    5  255  206  123    5  255  211  122    2  255  211  122    2  255  211  122    2  255  211  122    2  255  211  122    2  255  206  123    5  255  206  123    5  255  188  110    3  255  153    0    0  255  153    0    0  255  142    2    2  255  142    2    2  255  142    2    2  255  142    2    2  255  130    6    8  255  130    6    8  255  140   28   28  255  133   38   36  255  133   38   36  255   91   12   15  255  115   95   82  255  132  131  134  255  126  128  130  255  137  140  140  255  173  173  174  255
    0    0    0    0  230  233  239  255  221  221  226  255  150  103   30  255  173   97    0  255  188  110    3  255  193  116    7  255  198  117    2  255  198  117    2  255  198  117    2  255  198  117    2  255  198  117    2  255  198  117    2  255  198  117    2  255  173   97    0  255  153    0    0  255  142    2    2  255  142    2    2  255  142    2    2  255  142    2    2  255  130    6    8  255  130    6    8  255  140   28   28  255  153   51   51  255  153   51   51  255  114   27   26  255   94   43   43  255  126  128  130  255  126  128  130  255  126  128  130  255  137  140  140  255  173  173  174  255
    0    0    0    0  230  227  229  255  230  233  239  255  176  167  159  255  140   81    4  255  166   99    5  255  180  107    4  255  180  107    4  255  188  110    3  255  188  110    3  255  188  110    3  255  188  110    3  255  180  107    4  255  180  107    4  255  173   97    0  255  142    2    2  255  142    2    2  255  130    6    8  255  130    6    8  255  130    6    8  255  127   16   15  255  140   28   28  255  153   51   51  255  154   62   63  255  153   51   51  255   98   26   26  255  120  107  109  255  132  131  134  255  126  128  130  255  126  128  130  255  153  153  153  255  179  179  181  255
    0    0    0    0    0    0    0    0  230  227  229  255  230  233  239  255  163  145  119  255  128   69    0  255  166   99    5  255  166   99    5  255  166   99    5  255  166   99    5  255  166   99    5  255  166   99    5  255  166   99    5  255  166   99    5  255  166   99    5  255  130    6    8  255  130    6    8  255  130    6    8  255  130    6    8  255  127   16   15  255  140   28   28  255  153   51   51  255  154   62   63  255  153   51   51  255   98   26   26  255  115   95   82  255  132  131  134  255  126  128  130  255  126  128  130  255  132  131  134  255  164  164  166  255  184  183  187  255
    0    0    0    0    0    0    0    0    0    0    0    0  230  227  229  255  230  227  229  255  153  131  109  255  112   63    1  255  140   81    4  255  146   88    6  255  146   88    6  255  146   88    6  255  157   88    0  255  157   88    0  255  157   88    0  255  157   88    0  255  130    6    8  255  130    6    8  255  130    6    8  255  127   16   15  255  140   28   28  255  153   51   51  255  154   62   63  255  153   51   51  255   98   26   26  255  115   95   82  255  132  131  134  255  126  128  130  255  126  128  130  255  126  128  130  255  153  153  153  255  179  179  181  255  184  183  187  255
    0    0    0    0    0    0    0    0    0    0    0    0    0    0    0    0  221  221  226  255  221  221  226  255  154  145  141  255  109   66   16  255  112   63    1  255  126   74    2  255  140   81    4  255  140   81    4  255  140   81    4  255  140   81    4  255  140   81    4  255  111    4    5  255  111    4    5  255  127   16   15  255  127   16   15  255  133   38   36  255  133   38   36  255  121   30   31  255  121   30   31  255  120  107  109  255  132  131  134  255  126  128  130  255  126  128  130  255  126  128  130  255  137  140  140  255  173  173  174  255  190  190  192  255  184  183  187  255
    0    0    0    0    0    0    0    0    0    0    0    0    0    0    0    0    0    0    0    0  221  221  226  255  221  221  226  255  190  190  192  255  130  105   79  255   98   62    8  255  112   63    1  255  112   63    1  255  126   74    2  255  126   74    2  255  126   74    2  255  111    4    5  255   97   11   11  255   97   11   11  255   97   11   11  255   97   11   11  255   98   26   26  255  111   76   77  255  135  122  122  255  132  131  134  255  126  128  130  255  126  128  130  255  126  128  130  255  137  140  140  255  164  164  166  255  190  190  192  255    0    0    0    0    0    0    0    0
    0    0    0    0    0    0    0    0    0    0    0    0    0    0    0    0    0    0    0    0    0    0    0    0    0    0    0    0  221  221  226  255  221  221  226  255  179  179  181  255  153  131  109  255   93   75   51  255   98   62    8  255   98   62    8  255   85   50    3  255   74    1    2  255   74    1    2  255   91   12   15  255   94   43   43  255  111   76   77  255  126  115  117  255  132  131  134  255  132  131  134  255  126  128  130  255  126  128  130  255  126  128  130  255  132  131  134  255  164  164  166  255  184  183  187  255  190  190  192  255    0    0    0    0    0    0    0    0
    0    0    0    0    0    0    0    0    0    0    0    0    0    0    0    0    0    0    0    0    0    0    0    0    0    0    0    0    0    0    0    0  212  213  217  255  212  213  217  255  221  221  226  255  204  204  204  255  184  183  187  255  164  164  166  255  154  145  141  255  135  122  122  255  126  115  117  255  135  122  122  255  132  131  134  255  132  131  134  255  132  131  134  255  132  131  134  255  126  128  130  255  126  128  130  255  137  140  140  255  153  153  153  255  164  164  166  255  184  183  187  255    0    0    0    0    0    0    0    0    0    0    0    0    0    0    0    0
    0    0    0    0    0    0    0    0    0    0    0    0    0    0    0    0    0    0    0    0    0    0    0    0    0    0    0    0    0    0    0    0    0    0    0    0    0    0    0    0    0    0    0    0  212  213  217  255  212  213  217  255  212  213  217  255  204  204  204  255  190  190  192  255  173  173  174  255  164  164  166  255  153  153  153  255  153  153  153  255  137  140  140  255  137  140  140  255  137  140  140  255  153  153  153  255  173  173  174  255  184  183  187  255  190  190  192  255  190  190  192  255    0    0    0    0    0    0    0    0    0    0    0    0    0    0    0    0
    0    0    0    0    0    0    0    0    0    0    0    0    0    0    0    0    0    0    0    0    0    0    0    0    0    0    0    0    0    0    0    0    0    0    0    0    0    0    0    0    0    0    0    0    0    0    0    0    0    0    0    0  204  204  204  255  204  204  204  255  204  204  204  255  204  204  204  255  190  190  192  255  190  190  192  255  184  183  187  255  184  183  187  255  184  183  187  255  184  183  187  255  190  190  192  255  190  190  192  255    0    0    0    0    0    0    0    0    0    0    0    0    0    0    0    0    0    0    0    0    0    0    0    0    0    0    0    0
