   32   32
    0    0    0    0    0    0    0    0    0    0    0    0    0    0    0    0    0    0    0    0    0    0    0    0    0    0    0    0    0    0    0    0    0    0    0    0    0    0    0    0    0    0    0    0    0    0    0    0    0    0    0    0  243  247  255  255  243  247  255  255  243  247  255  255    0    0    0    0    0    0    0    0    0    0    0    0    0    0    0    0    0    0    0    0    0    0    0    0    0    0    0    0    0    0    0    0    0    0    0    0    0    0    0    0    0    0    0    0    0    0    0    0    0    0    0    0    0    0    0    0    0    0    0    0    0    0    0    0
    0    0    0    0    0    0    0    0    0    0    0    0    0    0    0    0    0    0    0    0    0    0    0    0    0    0    0    0    0    0    0    0    0    0    0    0    0    0    0    0    0    0    0    0  243  247  255  255  232  230  230  255  230  212  193  255  219  200  186  255  219  200  186  255  219  200  186  255  222  221  223  255  230  233  239  255  234  237  246  255  230  233  239  255    0    0    0    0    0    0    0    0    0    0    0    0    0    0    0    0    0    0    0    0    0    0    0    0    0    0    0    0    0    0    0    0    0    0    0    0    0    0    0    0    0    0    0    0
    0    0    0    0    0    0    0    0    0    0    0    0    0    0    0    0    0    0    0    0    0    0    0    0    0    0    0    0    0    0    0    0    0    0    0    0  232  230  230  255  226  180  140  255  222  146   72  255  222  119   25  255  222  119   25  255  216  113    6  255  208  107    7  255  194  108   14  255  182  111   34  255  181  128   71  255  190  164  136  255  212  213  215  255  230  233  239  255  223  223  228  255    0    0    0    0    0    0    0    0    0    0    0    0    0    0    0    0    0    0    0    0    0    0    0    0    0    0    0    0    0    0    0    0    0    0    0    0
    0    0    0    0    0    0    0    0    0    0    0    0    0    0    0    0    0    0    0    0    0    0    0    0    0    0    0    0  232  230  230  255  229  177  124  255  235  133   27  255  249  123    0  255  249  123    0  255  249  123    0  255  249  123    0  255  248  131    7  255  241  124    7  255  229  117    2  255  221  113    3  255  204  102    0  255  181   92    2  255  160   98   33  255  172  144  118  255  212  213  215  255  230  233  239  255    0    0    0    0    0    0    0    0    0    0    0    0    0    0    0    0    0    0    0    0    0    0    0    0    0    0    0    0    0    0    0    0
    0    0    0    0    0    0    0    0    0    0    0    0    0    0    0    0    0    0    0    0    0    0    0    0  232  206  180  255  235  133   27  255  249  123    0  255  254  138    0  255  255  140    7  255  255  140    7  255  255  140    7  255  255  140    7  255  255  140    7  255  248  131    7  255  241  124    7  255  231  124    6  255  216  113    6  255  208  107    7  255  187   94    2  255  159   81    2  255  142   95   47  255  183  177  173  255  223  223  228  255    0    0    0    0    0    0    0    0    0    0    0    0    0    0    0    0    0    0    0    0    0    0    0    0    0    0    0    0
    0    0    0    0    0    0    0    0    0    0    0    0    0    0    0    0    0    0    0    0  230  188  147  255  244  124    5  255  254  138    0  255  254  148    8  255  254  148    8  255  254  148    8  255  254  148    8  255  254  148    8  255  254  148    8  255  255  140    7  255  255  140    7  255  254  133    7  255  241  124    7  255  231  124    6  255  216  113    6  255  208  107    7  255  188   97    7  255  159   81    2  255  125   67    5  255  170  166  162  255  223  223  228  255    0    0    0    0    0    0    0    0    0    0    0    0    0    0    0    0    0    0    0    0    0    0    0    0
    0    0    0    0    0    0    0    0    0    0    0    0    0    0    0    0  225  192  153  255  237  123    1  255  254  148    8  255  254  148    8  255  254  148    8  255  254  148    8  255  254  148    8  255  254  148    8  255  254  148    8  255  254  148    8  255  254  148    8  255  255  140    7  255  254  133    7  255  248  131    7  255  231  124    6  255  223  117    7  255  208  107    7  255  195  100    3  255  181   92    2  255  147   75    3  255  110   59   15  255  170  166  162  255  222  221  223  255    0    0    0    0    0    0    0    0    0    0    0    0    0    0    0    0    0    0    0    0
    0    0    0    0    0    0    0    0    0    0    0    0  230  212  193  255  230  123   13  255  255  140    7  255  254  148    8  255  254  148    8  255  254  148    8  255  254  148    8  255  254  148    8  255  254  148    8  255  254  148    8  255  254  148    8  255  254  148    8  255  254  148    8  255  254  133    7  255  254  133    7  255  241  124    7  255  231  124    6  255  216  113    6  255  208  107    7  255  188   97    7  255  171   88    2  255  133   68    3  255  110   59   15  255  193  193  195  255  215  215  221  255    0    0    0    0    0    0    0    0    0    0    0    0    0    0    0    0
    0    0    0    0    0    0    0    0  245  244  246  255  229  141   48  255  254  138    0  255  254  148    8  255  254  148    8  255  254  148    8  255  254  148    8  255  255  163   14  255  255  163   14  255  255  163   14  255  255  163   14  255  255  163   14  255  255  163   14  255  254  148    8  255  255  140    7  255  254  133    7  255  244  124    5  255  229  117    2  255  221  113    3  255  208  107    7  255  188   97    7  255  171   88    2  255  147   80    8  255  109   51    0  255  120   96   78  255  215  215  221  255    0    0    0    0    0    0    0    0    0    0    0    0    0    0    0    0
    0    0    0    0    0    0    0    0  230  188  147  255  249  123    0  255  254  148    8  255  254  148    8  255  254  148    8  255  254  148    8  255  255  163   14  255  255  163   14  255  255  176   33  255  254  180   41  255  254  180   41  255  254  180   41  255  255  164   29  255  254  147   15  255  255  140    7  255  255  140    7  255  244  124    5  255  229  117    2  255  221  113    3  255  208  107    7  255  195  100    3  255  172   90    7  255  156   84    7  255  133   68    3  255   88   45    3  255  170  166  162  255  215  215  221  255    0    0    0    0    0    0    0    0    0    0    0    0
    0    0    0    0  245  244  246  255  229  141   48  255  254  138    0  255  254  148    8  255  254  148    8  255  254  148    8  255  255  163   14  255  255  163   14  255  254  180   41  255  255  204   51  255  255  209   69  255  255  209   69  255  254  193   49  255  254  180   41  255  255  157   26  255  254  147   15  255  254  133    7  255  244  124    5  255  229  117    2  255  221  113    3  255  208  107    7  255  195  100    3  255  181   92    2  255  156   84    7  255  133   68    3  255  102   51    0  255  120   96   78  255  212  213  215  255    0    0    0    0    0    0    0    0    0    0    0    0
    0    0    0    0  230  212  193  255  241  124    7  255  255  140    7  255  254  148    8  255  254  148    8  255  254  148    8  255  255  163   14  255  255  176   33  255  255  204   51  255  254  224   77  255  254  224   77  255  254  224   77  255  255  209   69  255  254  190   56  255  255  164   29  255  254  147   15  255  254  133    7  255  244  124    5  255  229  117    2  255  221  113    3  255  208  107    7  255  195  100    3  255  181   92    2  255  156   84    7  255  133   68    3  255  119   56    0  255   88   45    3  255  180  180  181  255  212  213  215  255    0    0    0    0    0    0    0    0
    0    0    0    0  229  177  124  255  249  123    0  255  255  140    7  255  254  148    8  255  254  148    8  255  254  148    8  255  255  163   14  255  254  180   41  255  255  209   69  255  254  232   88  255  254  232   88  255  254  232   88  255  254  224   77  255  254  190   56  255  255  164   29  255  254  147   15  255  254  133    7  255  241  124    7  255  229  117    2  255  215  110    2  255  204  102    0  255  189   98    2  255  171   88    2  255  159   81    2  255  141   73    3  255  119   56    0  255   88   45    3  255  134  127  124  255  204  204  204  255  204  204  204  255    0    0    0    0
    0    0    0    0  222  146   72  255  249  123    0  255  255  140    7  255  254  148    8  255  254  148    8  255  254  148    8  255  255  163   14  255  254  180   41  255  255  204   51  255  254  224   77  255  254  232   88  255  254  232   88  255  255  209   69  255  254  193   49  255  255  164   29  255  255  142   14  255  248  131    7  255  237  123    1  255  221  113    3  255  215  110    2  255  204  102    0  255  187   94    2  255  171   88    2  255  159   81    2  255  141   73    3  255  125   67    5  255   88   45    3  255  112   94   81  255  188  188  190  255  204  204  204  255    0    0    0    0
  243  247  255  255  205  133   62  255  249  123    0  255  255  140    7  255  255  140    7  255  255  140    7  255  254  148    8  255  255  163   14  255  255  176   33  255  254  193   49  255  255  209   69  255  255  209   69  255  255  209   69  255  254  190   56  255  255  176   33  255  255  157   26  255  255  140    7  255  241  124    7  255  229  117    2  255  221  113    3  255  208  107    7  255  195  100    3  255  181   92    2  255  171   88    2  255  156   84    7  255  141   73    3  255  125   67    5  255  102   51    0  255   92   69   50  255  164  163  166  255  193  193  195  255    0    0    0    0
  245  244  246  255  205  133   62  255  249  123    0  255  254  133    7  255  255  140    7  255  255  140    7  255  254  148    8  255  254  148    8  255  255  164   29  255  255  176   33  255  254  180   41  255  254  190   56  255  254  190   56  255  255  176   33  255  255  157   26  255  255  142   14  255  248  131    7  255  237  123    1  255  221  113    3  255  215  110    2  255  204  102    0  255  189   98    2  255  181   92    2  255  169   81    2  255  156   84    7  255  141   73    3  255  125   67    5  255  102   51    0  255   92   69   50  255  153  153  153  255  184  183  188  255    0    0    0    0
  245  244  246  255  205  133   62  255  237  123    1  255  248  131    7  255  254  133    7  255  254  133    7  255  254  133    7  255  254  148    8  255  254  148    8  255  255  157   26  255  255  164   29  255  255  164   29  255  255  164   29  255  255  157   26  255  255  142   14  255  248  131    7  255  237  123    1  255  229  117    2  255  215  110    2  255  215  110    2  255  195  100    3  255  187   94    2  255  171   88    2  255  171   88    2  255  147   75    3  255  147   75    3  255  125   67    5  255  102   51    0  255   92   69   50  255  139  139  140  255  164  163  166  255  188  188  190  255
  243  247  255  255  198  140   82  255  221  113    3  255  241  124    7  255  248  131    7  255  254  133    7  255  254  133    7  255  254  133    7  255  255  140    7  255  255  140    7  255  254  147   15  255  254  147   15  255  254  147   15  255  254  147   15  255  248  131    7  255  237  123    1  255  229  117    2  255  221  113    3  255  215  110    2  255  204  102    0  255  189   98    2  255  181   92    2  255  171   88    2  255  159   81    2  255  159   81    2  255  141   73    3  255  125   67    5  255  102   51    0  255   99   80   62  255  133  132  139  255  153  153  153  255  184  183  188  255
  243  247  255  255  196  158  122  255  204  102    0  255  230  123   13  255  244  124    5  255  248  131    7  255  254  133    7  255  254  133    7  255  254  133    7  255  254  133    7  255  254  133    7  255  254  133    7  255  248  131    7  255  248  131    7  255  237  123    1  255  229  117    2  255  221  113    3  255  215  110    2  255  204  102    0  255  195  100    3  255  181   92    2  255  172   90    7  255  172   90    7  255  159   81    2  255  147   80    8  255  147   80    8  255  125   72   15  255  102   51    0  255  110   95   80  255  133  132  139  255  153  153  153  255  180  180  181  255
  243  247  255  255  207  189  173  255  195  100    3  255  216  113    6  255  231  124    6  255  231  124    6  255  244  124    5  255  244  124    5  255  244  124    5  255  244  124    5  255  244  124    5  255  244  124    5  255  244  124    5  255  231  124    6  255  223  117    7  255  216  113    6  255  216  113    6  255  204  102    0  255  195  100    3  255  187   94    2  255  181   92    2  255  171   88    2  255  171   88    2  255  156   84    7  255  156   84    7  255  147   80    8  255  125   72   15  255   97   55   15  255  128  114  102  255  126  129  133  255  139  139  140  255  173  173  175  255
    0    0    0    0  223  223  228  255  177  106   38  255  204  102    0  255  216  113    6  255  223  117    7  255  229  117    2  255  229  117    2  255  229  117    2  255  229  117    2  255  229  117    2  255  229  117    2  255  229  117    2  255  221  113    3  255  215  110    2  255  208  107    7  255  195  100    3  255  195  100    3  255  187   94    2  255  181   92    2  255  181   92    2  255  171   88    2  255  171   88    2  255  164   91   16  255  150   89   30  255  138   82   28  255  114   64   10  255  110   77   41  255  132  132  132  255  132  132  132  255  139  139  140  255  173  173  175  255
    0    0    0    0  234  237  246  255  196  158  122  255  171   88    2  255  195  100    3  255  208  107    7  255  216  113    6  255  221  113    3  255  221  113    3  255  221  113    3  255  221  113    3  255  221  113    3  255  215  110    2  255  215  110    2  255  204  102    0  255  195  100    3  255  195  100    3  255  181   92    2  255  181   92    2  255  181   92    2  255  172   90    7  255  166   89    9  255  166   89    9  255  164   91   16  255  150   89   30  255  138   82   28  255  110   59   15  255  125  107   91  255  133  132  139  255  127  127  126  255  139  139  140  255  173  173  175  255
    0    0    0    0  230  233  239  255  222  221  223  255  160   98   33  255  181   92    2  255  195  100    3  255  195  100    3  255  208  107    7  255  208  107    7  255  208  107    7  255  208  107    7  255  208  107    7  255  208  107    7  255  195  100    3  255  189   98    2  255  189   98    2  255  181   92    2  255  181   92    2  255  172   90    7  255  172   90    7  255  172   90    7  255  164   91   16  255  163   96   26  255  160   98   33  255  160   98   33  255  125   72   15  255  110   77   41  255  126  129  133  255  126  129  133  255  126  129  133  255  139  139  140  255  173  173  175  255
    0    0    0    0  232  230  230  255  234  237  246  255  187  174  160  255  141   73    3  255  172   90    7  255  188   97    7  255  188   97    7  255  195  100    3  255  195  100    3  255  195  100    3  255  195  100    3  255  187   94    2  255  181   92    2  255  181   92    2  255  181   92    2  255  181   92    2  255  172   90    7  255  172   90    7  255  172   90    7  255  164   91   16  255  163   96   26  255  163   96   26  255  153  102   51  255  138   82   28  255  119   71   27  255  128  114  102  255  126  129  133  255  126  129  133  255  126  129  133  255  153  153  153  255  180  180  181  255
    0    0    0    0    0    0    0    0  223  223  228  255  230  233  239  255  172  144  118  255  133   68    3  255  169   81    2  255  172   90    7  255  172   90    7  255  172   90    7  255  172   90    7  255  171   88    2  255  171   88    2  255  171   88    2  255  171   88    2  255  171   88    2  255  166   89    9  255  166   89    9  255  166   89    9  255  164   91   16  255  163   96   26  255  163   96   26  255  153  102   51  255  150   89   30  255  119   71   27  255  125  107   91  255  132  132  132  255  126  129  133  255  126  129  133  255  132  132  132  255  164  163  166  255  180  180  181  255
    0    0    0    0    0    0    0    0    0    0    0    0  223  223  228  255  223  223  228  255  155  129  109  255  119   56    0  255  141   73    3  255  147   80    8  255  147   80    8  255  156   84    7  255  159   81    2  255  159   81    2  255  159   81    2  255  159   81    2  255  159   81    2  255  156   84    7  255  156   84    7  255  156   84    7  255  163   96   26  255  160   98   33  255  160   98   33  255  138   82   28  255  119   71   27  255  125  107   91  255  132  132  132  255  126  129  133  255  126  129  133  255  126  129  133  255  153  153  153  255  180  180  181  255  184  183  188  255
    0    0    0    0    0    0    0    0    0    0    0    0    0    0    0    0  223  223  228  255  223  223  228  255  161  146  136  255  110   59   15  255  119   56    0  255  133   68    3  255  141   73    3  255  147   75    3  255  147   75    3  255  147   75    3  255  147   80    8  255  147   80    8  255  147   80    8  255  147   80    8  255  150   89   30  255  150   89   30  255  150   89   30  255  125   72   15  255  119   71   27  255  128  114  102  255  133  132  139  255  126  129  133  255  127  127  126  255  127  127  126  255  139  139  140  255  173  173  175  255  188  188  190  255  184  183  188  255
    0    0    0    0    0    0    0    0    0    0    0    0    0    0    0    0    0    0    0    0  222  221  223  255  223  223  228  255  188  188  190  255  132  101   78  255   97   55   15  255  109   51    0  255  119   56    0  255  125   67    5  255  133   68    3  255  133   68    3  255  133   68    3  255  135   72   15  255  135   72   15  255  135   72   15  255  125   72   15  255  111   71   30  255  120   96   78  255  134  127  124  255  132  132  132  255  132  132  132  255  132  132  132  255  127  127  126  255  139  139  140  255  173  173  175  255  188  188  190  255    0    0    0    0    0    0    0    0
    0    0    0    0    0    0    0    0    0    0    0    0    0    0    0    0    0    0    0    0    0    0    0    0    0    0    0    0  222  221  223  255  222  221  223  255  183  177  173  255  128  114  102  255  112   80   50  255   97   55   15  255  102   51    0  255  102   51    0  255  102   51    0  255  102   51    0  255  110   59   15  255  110   77   41  255  120   96   78  255  132  124  117  255  133  132  139  255  133  132  139  255  127  127  126  255  127  127  126  255  127  127  126  255  139  139  140  255  164  163  166  255  184  183  188  255  193  193  195  255    0    0    0    0    0    0    0    0
    0    0    0    0    0    0    0    0    0    0    0    0    0    0    0    0    0    0    0    0    0    0    0    0    0    0    0    0    0    0    0    0  212  213  215  255  215  215  221  255  215  215  221  255  204  204  204  255  184  183  188  255  170  166  162  255  161  146  136  255  134  127  124  255  132  124  117  255  134  127  124  255  132  132  132  255  132  132  132  255  132  132  132  255  132  132  132  255  132  132  132  255  132  132  132  255  139  139  140  255  153  153  153  255  164  163  166  255  184  183  188  255    0    0    0    0    0    0    0    0    0    0    0    0    0    0    0    0
    0    0    0    0    0    0    0    0    0    0    0    0    0    0    0    0    0    0    0    0    0    0    0    0    0    0    0    0    0    0    0    0    0    0    0    0    0    0    0    0    0    0    0    0  212  213  215  255  212  213  215  255  212  213  215  255  204  204  204  255  188  188  190  255  173  173  175  255  164  163  166  255  153  153  153  255  153  153  153  255  139  139  140  255  139  139  140  255  153  153  153  255  164  163  166  255  173  173  175  255  184  183  188  255  188  188  190  255  188  188  190  255    0    0    0    0    0    0    0    0    0    0    0    0    0    0    0    0
    0    0    0    0    0    0    0    0    0    0    0    0    0    0    0    0    0    0    0    0    0    0    0    0    0    0    0    0    0    0    0    0    0    0    0    0    0    0    0    0    0    0    0    0    0    0    0    0    0    0    0    0  204  204  204  255  204  204  204  255  204  204  204  255  204  204  204  255  193  193  195  255  193  193  195  255  184  183  188  255  184  183  188  255  184  183  188  255  184  183  188  255  193  193  195  255  193  193  195  255    0    0    0    0    0    0    0    0    0    0    0    0    0    0    0    0    0    0    0    0    0    0    0    0    0    0    0    0
