   32   32
    0    0    0    0    0    0    0    0    0    0    0    0    0    0    0    0    0    0    0    0    0    0    0    0    0    0    0    0    0    0    0    0    0    0    0    0    0    0    0    0    0    0    0    0    0    0    0    0    0    0    0    0  246  251  253  255  246  251  253  255  246  251  253  255    0    0    0    0    0    0    0    0    0    0    0    0    0    0    0    0    0    0    0    0    0    0    0    0    0    0    0    0    0    0    0    0    0    0    0    0    0    0    0    0    0    0    0    0    0    0    0    0    0    0    0    0    0    0    0    0    0    0    0    0    0    0    0    0
    0    0    0    0    0    0    0    0    0    0    0    0    0    0    0    0    0    0    0    0    0    0    0    0    0    0    0    0    0    0    0    0    0    0    0    0    0    0    0    0    0    0    0    0  246  251  253  255  223  228  231  255  220  201  203  255  215  182  183  255  215  182  183  255  220  201  203  255  221  221  222  255  231  238  240  255  231  238  240  255  231  233  236  255    0    0    0    0    0    0    0    0    0    0    0    0    0    0    0    0    0    0    0    0    0    0    0    0    0    0    0    0    0    0    0    0    0    0    0    0    0    0    0    0    0    0    0    0
    0    0    0    0    0    0    0    0    0    0    0    0    0    0    0    0    0    0    0    0    0    0    0    0    0    0    0    0    0    0    0    0    0    0    0    0  224  223  228  255  214  133  136  255  196   62   65  255  195   30   34  255  199    7    8  255  199    7    8  255  188    6    6  255  181    6    7  255  170   32   32  255  186   78   84  255  184  133  135  255  211  213  216  255  231  238  240  255  223  228  231  255    0    0    0    0    0    0    0    0    0    0    0    0    0    0    0    0    0    0    0    0    0    0    0    0    0    0    0    0    0    0    0    0    0    0    0    0
    0    0    0    0    0    0    0    0    0    0    0    0    0    0    0    0    0    0    0    0    0    0    0    0    0    0    0    0  231  233  236  255  218  123  125  255  214   23   26  255  225    0    0  255  225    0    0  255  225    0    0  255  225    0    0  255  221    8    8  255  214    7    7  255  214    7    7  255  196    1    0  255  182    0    0  255  153    0    0  255  141   24   25  255  159  113  117  255  211  213  216  255  223  228  231  255    0    0    0    0    0    0    0    0    0    0    0    0    0    0    0    0    0    0    0    0    0    0    0    0    0    0    0    0    0    0    0    0
    0    0    0    0    0    0    0    0    0    0    0    0    0    0    0    0    0    0    0    0    0    0    0    0  215  182  183  255  213   48   54  255  225    0    0  255  239    8    7  255  239    8    7  255  239    8    7  255  239    8    7  255  229    7    8  255  229    7    8  255  229    7    8  255  214    7    7  255  205    8    8  255  205    8    8  255  188    6    6  255  165    1    2  255  139    0    0  255  139   42   44  255  189  174  178  255  223  228  231  255    0    0    0    0    0    0    0    0    0    0    0    0    0    0    0    0    0    0    0    0    0    0    0    0    0    0    0    0
    0    0    0    0    0    0    0    0    0    0    0    0    0    0    0    0    0    0    0    0  218  142  143  255  221    8    8  255  244    0    0  255  247    7    9  255  247    7    9  255  247    7    9  255  247    7    9  255  247    7    9  255  247    7    9  255  239    8    7  255  239    8    7  255  229    7    8  255  214    7    7  255  214    7    7  255  199    7    8  255  181    6    7  255  181    6    7  255  139    0    0  255  110   15   13  255  171  151  152  255  223  228  231  255    0    0    0    0    0    0    0    0    0    0    0    0    0    0    0    0    0    0    0    0    0    0    0    0
    0    0    0    0    0    0    0    0    0    0    0    0    0    0    0    0  221  146  148  255  225    0    0  255  255    0    0  255  254    9    8  255  254    9    8  255  254    9    8  255  254    9    8  255  254    9    8  255  254    9    8  255  247    7    9  255  247    7    9  255  239    8    7  255  229    7    8  255  229    7    8  255  214    7    7  255  199    7    8  255  188    6    6  255  171    6    9  255  148    8    8  255  139    0    0  255   97    5    9  255  172  157  159  255  224  223  228  255    0    0    0    0    0    0    0    0    0    0    0    0    0    0    0    0    0    0    0    0
    0    0    0    0    0    0    0    0    0    0    0    0  229  190  190  255  221    8    8  255  255    0    0  255  247    7    9  255  254    9    8  255  254    9    8  255  254    9    8  255  254    9    8  255  254    9    8  255  254    9    8  255  254    9    8  255  247    7    9  255  247    7    9  255  229    7    8  255  229    7    8  255  214    7    7  255  214    7    7  255  188    6    6  255  181    6    7  255  165    1    2  255  148    8    8  255  120    0    0  255  102   27   26  255  189  189  191  255  215  216  221  255    0    0    0    0    0    0    0    0    0    0    0    0    0    0    0    0
    0    0    0    0    0    0    0    0  245  242  241  255  213   48   54  255  244    0    0  255  254    9    8  255  254    9    8  255  254    9    8  255  254    9    8  255  254    9    8  255  253   16   16  255  253   16   16  255  253   16   16  255  253   16   16  255  253   16   16  255  247    7    9  255  239    8    7  255  225    0    0  255  225    0    0  255  213    1    1  255  199    7    8  255  181    6    7  255  171    6    9  255  148    8    8  255  133    8    8  255  102    0    0  255  115   73   76  255  215  216  221  255    0    0    0    0    0    0    0    0    0    0    0    0    0    0    0    0
    0    0    0    0    0    0    0    0  221  146  148  255  225    0    0  255  247    7    9  255  254    9    8  255  254    9    8  255  254    9    8  255  254    9    8  255  253   24   24  255  254   33   32  255  255   40   41  255  255   40   41  255  255   40   41  255  253   24   24  255  253   16   16  255  239    8    7  255  225    0    0  255  213    1    1  255  213    1    1  255  196    1    0  255  188    2    3  255  173    3    3  255  153    0    0  255  133    8    8  255  120    0    0  255   82    0    0  255  172  157  159  255  215  216  221  255    0    0    0    0    0    0    0    0    0    0    0    0
    0    0    0    0  245  242  241  255  213   48   54  255  242    0    0  255  254    9    8  255  254    9    8  255  254    9    8  255  254    9    8  255  253   24   24  255  255   40   41  255  255   57   58  255  255   72   72  255  255   72   72  255  255   57   58  255  255   40   41  255  253   24   24  255  241   12   14  255  229    7    8  255  213    1    1  255  213    1    1  255  196    1    0  255  188    2    3  255  173    3    3  255  153    0    0  255  139    0    0  255  120    0    0  255   91    0    0  255  115   73   76  255  211  213  216  255    0    0    0    0    0    0    0    0    0    0    0    0
    0    0    0    0  229  190  190  255  213    1    1  255  239    8    7  255  239    8    7  255  254    9    8  255  254    9    8  255  253   16   16  255  254   33   32  255  255   57   58  255  255   86   84  255  255  110  109  255  255  110  109  255  255   86   84  255  255   57   58  255  254   33   32  255  241   12   14  255  229    7    8  255  213    1    1  255  213    1    1  255  188    2    3  255  188    2    3  255  173    3    3  255  173    3    3  255  142    6    7  255  120    0    0  255  102    0    0  255   86   12   13  255  182  182  183  255  211  213  216  255    0    0    0    0    0    0    0    0
    0    0    0    0  218  123  125  255  225    0    0  255  239    8    7  255  254    9    8  255  254    9    8  255  254    9    8  255  253   16   16  255  255   40   41  255  255   72   72  255  255  102  102  255  253  122  124  255  253  122  124  255  255   86   84  255  255   57   58  255  254   33   32  255  241   12   14  255  229    7    8  255  213    1    1  255  213    1    1  255  188    2    3  255  188    2    3  255  173    3    3  255  173    3    3  255  139    0    0  255  120    0    0  255  120    0    0  255   82    0    0  255  131  119  123  255  204  204  204  255  204  204  204  255    0    0    0    0
    0    0    0    0  205   83   87  255  225    0    0  255  239    8    7  255  239    8    7  255  254    9    8  255  254    9    8  255  253   16   16  255  255   40   41  255  255   72   72  255  255  102  102  255  255  110  109  255  255  110  109  255  255   86   84  255  255   57   58  255  254   33   32  255  241   12   14  255  221    8    8  255  204    0    0  255  204    0    0  255  188    2    3  255  188    2    3  255  165    1    2  255  165    1    2  255  139    0    0  255  128    1    2  255  114    0    1  255   82    0    0  255  115   73   76  255  189  189  191  255  204  204  204  255    0    0    0    0
  246  251  253  255  196   62   65  255  225    0    0  255  239    8    7  255  239    8    7  255  239    8    7  255  254    9    8  255  253   16   16  255  254   33   32  255  255   57   58  255  255   86   84  255  255   86   84  255  255   86   84  255  255   72   72  255  255   40   41  255  246   22   22  255  229    7    8  255  214    7    7  255  204    0    0  255  196    1    0  255  188    2    3  255  173    3    3  255  173    3    3  255  153    0    0  255  139    0    0  255  128    1    2  255  114    0    1  255   82    0    0  255   85   48   50  255  165  166  167  255  195  196  198  255    0    0    0    0
  239  246  248  255  189   54   55  255  213    1    1  255  229    7    8  255  239    8    7  255  239    8    7  255  247    7    9  255  247    7    9  255  253   24   24  255  255   40   41  255  255   51   51  255  255   57   58  255  255   57   58  255  255   40   41  255  253   24   24  255  241   12   14  255  225    0    0  255  213    1    1  255  196    1    0  255  196    1    0  255  182    0    0  255  173    3    3  255  173    3    3  255  153    0    0  255  139    0    0  255  128    1    2  255  114    0    1  255   91    0    0  255   85   48   50  255  140  140  141  255  182  182  183  255    0    0    0    0
  239  246  248  255  196   62   65  255  213    1    1  255  221    8    8  255  229    7    8  255  229    7    8  255  239    8    7  255  239    8    7  255  253   16   16  255  253   16   16  255  253   24   24  255  253   24   24  255  253   24   24  255  246   22   22  255  241   12   14  255  221    8    8  255  213    1    1  255  213    1    1  255  196    1    0  255  188    2    3  255  173    3    3  255  173    3    3  255  153    0    0  255  153    0    0  255  139    0    0  255  128    1    2  255  114    0    1  255   91    0    0  255   85   48   50  255  134  137  137  255  165  166  167  255  189  189  191  255
  239  246  248  255  186   78   84  255  204    0    0  255  221    8    8  255  229    7    8  255  229    7    8  255  229    7    8  255  229    7    8  255  239    8    7  255  241   12   14  255  241   12   14  255  241   12   14  255  241   12   14  255  229    7    8  255  229    7    8  255  213    1    1  255  213    1    1  255  196    1    0  255  188    2    3  255  188    2    3  255  173    3    3  255  173    3    3  255  153    0    0  255  142    6    7  255  142    6    7  255  128    1    2  255  114    0    1  255   82    0    0  255   93   61   63  255  132  135  137  255  153  153  153  255  185  184  189  255
  246  251  253  255  190  113  116  255  182    0    0  255  205    8    8  255  221    8    8  255  221    8    8  255  221    8    8  255  221    8    8  255  221    8    8  255  221    8    8  255  221    8    8  255  221    8    8  255  213    1    1  255  213    1    1  255  213    1    1  255  204    0    0  255  196    1    0  255  188    2    3  255  188    2    3  255  173    3    3  255  173    3    3  255  153    0    0  255  153    0    0  255  142    6    7  255  133    8    8  255  133    8    8  255  110   15   13  255   82    0    0  255  115   73   76  255  132  135  137  255  140  140  141  255  182  182  183  255
  246  251  253  255  189  174  178  255  165    1    2  255  199    7    8  255  199    7    8  255  214    7    7  255  214    7    7  255  214    7    7  255  213    1    1  255  213    1    1  255  213    1    1  255  213    1    1  255  213    1    1  255  213    1    1  255  213    1    1  255  196    1    0  255  188    2    3  255  188    2    3  255  173    3    3  255  173    3    3  255  173    3    3  255  153    0    0  255  153    0    0  255  142    6    7  255  138   16   16  255  138   16   16  255  110   15   13  255   86   12   13  255  122  106  109  255  131  130  132  255  140  140  141  255  174  174  175  255
    0    0    0    0  223  228  231  255  157   39   40  255  182    0    0  255  188    6    6  255  199    7    8  255  199    7    8  255  199    7    8  255  213    1    1  255  204    0    0  255  204    0    0  255  204    0    0  255  204    0    0  255  196    1    0  255  196    1    0  255  188    2    3  255  188    2    3  255  173    3    3  255  173    3    3  255  173    3    3  255  153    0    0  255  153    0    0  255  148    8    8  255  148    8    8  255  138   16   16  255  121   26   27  255  110   15   13  255  107   33   37  255  131  130  132  255  131  130  132  255  140  140  141  255  169  168  172  255
    0    0    0    0  239  246  248  255  177  121  125  255  153    0    0  255  181    6    7  255  181    6    7  255  199    7    8  255  199    7    8  255  196    1    0  255  196    1    0  255  196    1    0  255  196    1    0  255  188    6    6  255  188    6    6  255  188    6    6  255  173    3    3  255  173    3    3  255  173    3    3  255  173    3    3  255  153    0    0  255  153    0    0  255  148    8    8  255  148    8    8  255  141   24   25  255  143   34   35  255  131   35   35  255   90   14   14  255  116   87   92  255  132  135  137  255  126  124  126  255  140  140  141  255  174  174  175  255
    0    0    0    0  231  238  240  255  221  221  222  255  143   34   35  255  153    0    0  255  171    6    9  255  181    6    7  255  181    6    7  255  181    6    7  255  181    6    7  255  181    6    7  255  181    6    7  255  181    6    7  255  173    3    3  255  173    3    3  255  173    3    3  255  173    3    3  255  173    3    3  255  153    0    0  255  153    0    0  255  148    8    8  255  149   16   15  255  152   26   26  255  157   39   40  255  153   51   51  255  121   26   27  255  102   51   51  255  131  130  132  255  131  130  132  255  126  124  126  255  140  140  141  255  174  174  175  255
    0    0    0    0  223  228  231  255  231  238  240  255  172  157  159  255  128    1    2  255  153    0    0  255  171    6    9  255  171    6    9  255  173    3    3  255  173    3    3  255  173    3    3  255  173    3    3  255  173    3    3  255  165    1    2  255  165    1    2  255  165    1    2  255  165    1    2  255  165    1    2  255  148    8    8  255  148    8    8  255  149   16   15  255  152   26   26  255  157   39   40  255  163   55   54  255  139   42   44  255  102   27   26  255  122  106  109  255  132  135  137  255  126  129  130  255  126  129  130  255  153  153  153  255  182  182  183  255
    0    0    0    0    0    0    0    0  223  228  231  255  231  238  240  255  159  113  117  255  120    0    0  255  153    0    0  255  148    8    8  255  148    8    8  255  165    1    2  255  165    1    2  255  165    1    2  255  153    0    0  255  153    0    0  255  153    0    0  255  153    0    0  255  153    0    0  255  148    8    8  255  148    8    8  255  149   16   15  255  152   26   26  255  157   39   40  255  163   55   54  255  153   51   51  255  102   27   26  255  116   87   92  255  132  135  137  255  126  129  130  255  126  129  130  255  131  130  132  255  165  166  167  255  182  182  183  255
    0    0    0    0    0    0    0    0    0    0    0    0  224  223  228  255  224  223  228  255  137   99  101  255  102    0    0  255  128    1    2  255  133    8    8  255  142    6    7  255  142    6    7  255  142    6    7  255  142    6    7  255  142    6    7  255  142    6    7  255  142    6    7  255  142    6    7  255  142    6    7  255  149   16   15  255  141   24   25  255  157   39   40  255  153   51   51  255  139   42   44  255  113   28   29  255  122   84   86  255  132  135  137  255  126  129  130  255  126  129  130  255  126  129  130  255  153  153  153  255  182  182  183  255  182  182  183  255
    0    0    0    0    0    0    0    0    0    0    0    0    0    0    0    0  224  223  228  255  224  223  228  255  156  132  134  255   97    5    9  255  102    0    0  255  128    1    2  255  128    1    2  255  128    1    2  255  128    1    2  255  128    1    2  255  128    1    2  255  128    1    2  255  133    8    8  255  138   16   16  255  141   24   25  255  143   34   35  255  143   34   35  255  121   26   27  255  121   26   27  255  122  106  109  255  132  135  137  255  126  129  130  255  126  129  130  255  126  129  130  255  134  137  137  255  174  174  175  255  189  189  191  255  182  182  183  255
    0    0    0    0    0    0    0    0    0    0    0    0    0    0    0    0    0    0    0    0  221  221  222  255  223  228  231  255  185  184  189  255  115   73   76  255   97    5    9  255  102    0    0  255  114    0    1  255  114    0    1  255  114    0    1  255  114    0    1  255  114    0    1  255  121   10   10  255  120   14   14  255  120   14   14  255  120   14   14  255  113   28   29  255  115   68   68  255  131  119  123  255  132  135  137  255  126  129  130  255  126  129  130  255  126  129  130  255  134  137  137  255  165  166  167  255  189  189  191  255    0    0    0    0    0    0    0    0
    0    0    0    0    0    0    0    0    0    0    0    0    0    0    0    0    0    0    0    0    0    0    0    0    0    0    0    0  224  223  228  255  221  221  222  255  174  174  175  255  137   99  101  255  102   51   51  255   90   14   14  255   91    0    0  255   91    0    0  255   91    0    0  255   97    5    9  255   90   14   14  255  107   33   37  255  115   73   76  255  126  111  113  255  132  135  137  255  132  135  137  255  126  129  130  255  126  129  130  255  126  129  130  255  134  137  137  255  165  166  167  255  185  184  189  255  189  189  191  255    0    0    0    0    0    0    0    0
    0    0    0    0    0    0    0    0    0    0    0    0    0    0    0    0    0    0    0    0    0    0    0    0    0    0    0    0    0    0    0    0  211  213  216  255  215  216  221  255  215  216  221  255  204  204  204  255  182  182  183  255  172  157  159  255  156  132  134  255  131  119  123  255  126  111  113  255  131  119  123  255  131  130  132  255  132  135  137  255  131  130  132  255  126  129  130  255  126  129  130  255  126  129  130  255  134  137  137  255  153  153  153  255  169  168  172  255  185  184  189  255    0    0    0    0    0    0    0    0    0    0    0    0    0    0    0    0
    0    0    0    0    0    0    0    0    0    0    0    0    0    0    0    0    0    0    0    0    0    0    0    0    0    0    0    0    0    0    0    0    0    0    0    0    0    0    0    0    0    0    0    0  211  213  216  255  211  213  216  255  211  213  216  255  204  204  204  255  189  189  191  255  174  174  175  255  165  166  167  255  153  153  153  255  140  140  141  255  140  140  141  255  140  140  141  255  140  140  141  255  153  153  153  255  174  174  175  255  185  184  189  255  189  189  191  255  189  189  191  255    0    0    0    0    0    0    0    0    0    0    0    0    0    0    0    0
    0    0    0    0    0    0    0    0    0    0    0    0    0    0    0    0    0    0    0    0    0    0    0    0    0    0    0    0    0    0    0    0    0    0    0    0    0    0    0    0    0    0    0    0    0    0    0    0    0    0    0    0  204  204  204  255  204  204  204  255  204  204  204  255  204  204  204  255  195  196  198  255  195  196  198  255  189  189  191  255  189  189  191  255  185  184  189  255  185  184  189  255  189  189  191  255  189  189  191  255    0    0    0    0    0    0    0    0    0    0    0    0    0    0    0    0    0    0    0    0    0    0    0    0    0    0    0    0
