   32   32
    0    0    0    0    0    0    0    0    0    0    0    0    0    0    0    0    0    0    0    0    0    0    0    0    0    0    0    0    0    0    0    0    0    0    0    0    0    0    0    0    0    0    0    0    0    0    0    0    0    0    0    0  246  246  249  255  246  246  249  255  246  246  249  255    0    0    0    0    0    0    0    0    0    0    0    0    0    0    0    0    0    0    0    0    0    0    0    0    0    0    0    0    0    0    0    0    0    0    0    0    0    0    0    0    0    0    0    0    0    0    0    0    0    0    0    0    0    0    0    0    0    0    0    0    0    0    0    0
    0    0    0    0    0    0    0    0    0    0    0    0    0    0    0    0    0    0    0    0    0    0    0    0    0    0    0    0    0    0    0    0    0    0    0    0    0    0    0    0    0    0    0    0  240  240  244  255  228  228  230  255  222  222  223  255  214  213  213  255  214  213  213  255  214  213  213  255  222  222  223  255  228  228  230  255  234  234  239  255  234  234  239  255    0    0    0    0    0    0    0    0    0    0    0    0    0    0    0    0    0    0    0    0    0    0    0    0    0    0    0    0    0    0    0    0    0    0    0    0    0    0    0    0    0    0    0    0
    0    0    0    0    0    0    0    0    0    0    0    0    0    0    0    0    0    0    0    0    0    0    0    0    0    0    0    0    0    0    0    0    0    0    0    0  234  234  239  255  216  213  209  255  204  197  190  255  197  190  184  255  197  190  184  255  197  190  184  255  192  181  170  255  183  174  164  255  175  170  164  255  175  170  164  255  188  187  183  255  214  213  213  255  228  228  230  255  228  228  230  255    0    0    0    0    0    0    0    0    0    0    0    0    0    0    0    0    0    0    0    0    0    0    0    0    0    0    0    0    0    0    0    0    0    0    0    0
    0    0    0    0    0    0    0    0    0    0    0    0    0    0    0    0    0    0    0    0    0    0    0    0    0    0    0    0  240  238  238  255  216  213  209  255  214  207  198  255  222  214  189  255  229  214  198  255  229  214  198  255  229  214  198  255  229  214  198  255  221  204  189  255  212  196  182  255  203  189  176  255  186  174  160  255  166  157  145  255  154  148  138  255  175  170  164  255  215  214  220  255  226  225  229  255    0    0    0    0    0    0    0    0    0    0    0    0    0    0    0    0    0    0    0    0    0    0    0    0    0    0    0    0    0    0    0    0
    0    0    0    0    0    0    0    0    0    0    0    0    0    0    0    0    0    0    0    0    0    0    0    0  227  225  222  255  214  207  198  255  231  220  204  255  241  228  214  255  239  225  213  255  239  225  213  255  239  225  213  255  239  225  213  255  231  220  204  255  231  220  204  255  222  209  196  255  214  203  189  255  205  192  182  255  197  182  171  255  180  168  156  255  154  142  131  255  146  139  133  255  191  190  195  255  223  223  228  255    0    0    0    0    0    0    0    0    0    0    0    0    0    0    0    0    0    0    0    0    0    0    0    0    0    0    0    0
    0    0    0    0    0    0    0    0    0    0    0    0    0    0    0    0    0    0    0    0  220  216  215  255  223  211  198  255  241  228  214  255  241  228  214  255  246  231  220  255  246  231  220  255  246  231  220  255  246  231  220  255  246  231  220  255  246  231  220  255  239  225  213  255  231  220  204  255  223  211  198  255  214  203  189  255  207  196  182  255  197  182  171  255  181  171  156  255  157  146  133  255  131  121  109  255  173  173  174  255  223  223  228  255    0    0    0    0    0    0    0    0    0    0    0    0    0    0    0    0    0    0    0    0    0    0    0    0
    0    0    0    0    0    0    0    0    0    0    0    0    0    0    0    0  220  216  215  255  223  213  205  255  246  231  220  255  246  231  220  255  254  240  222  255  254  240  222  255  254  240  222  255  254  240  222  255  254  240  222  255  254  240  222  255  254  240  222  255  246  231  220  255  239  225  213  255  231  220  204  255  223  211  198  255  214  203  189  255  203  189  176  255  194  180  167  255  175  165  154  255  154  142  131  255  115  113  108  255  179  179  181  255  222  222  223  255    0    0    0    0    0    0    0    0    0    0    0    0    0    0    0    0    0    0    0    0
    0    0    0    0    0    0    0    0    0    0    0    0  227  225  222  255  222  209  196  255  246  231  220  255  249  237  222  255  249  237  222  255  255  242  230  255  255  246  231  255  255  246  231  255  255  246  231  255  255  246  231  255  255  246  231  255  255  246  231  255  249  237  222  255  241  228  214  255  241  228  214  255  229  215  203  255  222  209  196  255  213  200  187  255  203  189  176  255  186  174  160  255  166  157  145  255  141  132  120  255  115  108   99  255  195  195  197  255  215  214  220  255    0    0    0    0    0    0    0    0    0    0    0    0    0    0    0    0
    0    0    0    0    0    0    0    0  240  240  244  255  214  207  198  255  241  228  214  255  249  237  222  255  249  237  222  255  255  242  230  255  255  242  230  255  254  248  238  255  254  248  238  255  254  248  238  255  254  248  238  255  254  248  238  255  255  242  230  255  255  242  230  255  246  231  220  255  239  225  213  255  231  220  204  255  223  211  198  255  214  203  189  255  205  192  182  255  190  180  166  255  175  165  154  255  157  146  133  255  123  113  100  255  130  126  120  255  214  213  213  255    0    0    0    0    0    0    0    0    0    0    0    0    0    0    0    0
    0    0    0    0    0    0    0    0  220  216  215  255  229  214  198  255  246  230  214  255  249  237  222  255  255  242  230  255  255  242  230  255  254  248  238  255  255  253  240  255  255  253  240  255  255  253  240  255  255  254  247  255  255  254  247  255  255  246  231  255  254  240  222  255  249  237  222  255  241  228  214  255  239  221  205  255  229  214  198  255  214  203  189  255  205  192  182  255  192  181  170  255  180  168  156  255  162  151  139  255  141  132  120  255  106   97   82  255  173  173  174  255  214  213  213  255    0    0    0    0    0    0    0    0    0    0    0    0
    0    0    0    0  240  240  244  255  214  207  198  255  239  225  213  255  246  231  220  255  254  240  222  255  255  246  231  255  255  246  231  255  255  253  240  255  255  254  247  255  255  254  247  255  255  254  247  255  255  254  247  255  255  254  247  255  255  254  247  255  255  242  230  255  249  237  222  255  241  228  214  255  239  221  205  255  229  215  203  255  221  204  189  255  207  196  182  255  197  186  173  255  186  174  160  255  166  157  145  255  148  137  124  255  120  109   97  255  130  126  120  255  209  209  212  255    0    0    0    0    0    0    0    0    0    0    0    0
    0    0    0    0  227  225  222  255  221  204  189  255  241  228  214  255  249  237  222  255  254  240  222  255  255  246  231  255  255  246  231  255  255  253  240  255  255  254  247  255  255  254  247  255  255  254  247  255  255  254  247  255  255  254  247  255  255  254  247  255  255  242  230  255  249  237  222  255  241  228  214  255  239  221  205  255  229  215  203  255  221  204  189  255  212  196  182  255  197  186  173  255  187  174  163  255  171  158  147  255  154  142  131  255  131  121  109  255  106   97   82  255  184  183  187  255  209  209  212  255    0    0    0    0    0    0    0    0
    0    0    0    0  216  213  209  255  222  209  196  255  241  228  214  255  249  237  222  255  255  242  230  255  255  242  230  255  255  242  230  255  255  254  247  255  255  254  247  255  255  254  247  255  255  254  247  255  255  254  247  255  255  254  247  255  255  254  247  255  254  240  222  255  254  231  216  255  239  225  213  255  231  220  204  255  229  214  198  255  221  204  189  255  212  196  182  255  197  186  173  255  186  174  160  255  171  158  147  255  154  142  131  255  138  127  115  255  106   97   82  255  145  143  142  255  204  204  204  255  204  204  204  255    0    0    0    0
    0    0    0    0  204  197  190  255  223  211  198  255  239  225  213  255  249  237  222  255  255  242  230  255  255  242  230  255  255  242  230  255  255  254  247  255  255  254  247  255  255  254  247  255  255  254  247  255  255  254  247  255  255  254  247  255  255  254  247  255  254  231  216  255  248  221  205  255  248  221  205  255  231  220  204  255  223  211  198  255  221  204  189  255  207  196  182  255  197  186  173  255  186  174  160  255  171  158  147  255  157  146  133  255  144  133  121  255  113  102   89  255  120  117  113  255  184  183  187  255  204  204  204  255    0    0    0    0
  240  240  244  255  197  190  184  255  222  209  196  255  239  221  205  255  249  237  222  255  255  242  230  255  255  242  230  255  255  242  230  255  254  248  238  255  255  254  247  255  255  254  247  255  255  254  247  255  255  254  247  255  255  254  247  255  254  240  222  255  254  228  208  255  243  217  203  255  239  221  205  255  231  220  204  255  223  211  198  255  214  203  189  255  205  192  182  255  197  182  171  255  181  171  156  255  171  158  147  255  157  146  133  255  144  133  121  255  120  109   97  255  101   98   93  255  164  164  166  255  195  195  197  255    0    0    0    0
  240  240  244  255  197  190  184  255  221  204  189  255  231  220  204  255  241  228  214  255  254  240  222  255  255  242  230  255  255  242  230  255  255  242  230  255  254  248  238  255  254  248  238  255  255  253  240  255  254  248  238  255  254  240  222  255  254  228  208  255  248  219  201  255  248  219  201  255  239  221  205  255  231  220  204  255  222  209  196  255  213  200  187  255  203  189  176  255  194  180  167  255  180  168  156  255  171  158  147  255  162  151  139  255  144  133  121  255  120  109   97  255  101   98   93  255  150  146  145  255  184  183  187  255    0    0    0    0
  240  240  244  255  188  184  178  255  213  200  187  255  229  214  198  255  239  225  213  255  246  231  220  255  249  237  222  255  254  240  222  255  254  240  222  255  254  240  222  255  254  240  222  255  254  240  222  255  254  231  216  255  251  224  210  255  252  220  207  255  252  220  207  255  252  220  207  255  246  231  220  255  231  220  204  255  222  209  196  255  212  196  182  255  197  186  173  255  190  180  166  255  180  168  156  255  171  158  147  255  157  146  133  255  144  133  121  255  120  109   97  255  101   98   93  255  135  134  137  255  167  166  170  255  188  188  190  255
  240  240  244  255  188  184  178  255  203  189  176  255  221  204  189  255  229  215  203  255  239  225  213  255  246  231  220  255  246  231  220  255  246  231  220  255  246  231  220  255  246  231  220  255  251  224  210  255  251  224  210  255  248  219  201  255  243  214  196  255  243  214  196  255  243  214  196  255  246  230  214  255  231  220  204  255  214  203  189  255  203  189  176  255  194  180  167  255  187  174  163  255  180  168  156  255  171  158  147  255  157  146  133  255  141  132  120  255  120  109   97  255  115  108   99  255  131  131  132  255  153  153  153  255  184  183  187  255
  246  246  249  255  197  190  184  255  190  180  166  255  213  200  187  255  222  209  196  255  231  220  204  255  239  225  213  255  239  225  213  255  239  225  213  255  239  225  213  255  239  225  213  255  243  217  203  255  243  217  203  255  239  216  200  255  239  216  200  255  239  216  200  255  239  216  200  255  239  216  200  255  223  211  198  255  207  196  182  255  197  186  173  255  194  180  167  255  186  174  160  255  175  165  154  255  165  154  142  255  154  142  131  255  138  127  115  255  113  104   91  255  115  113  108  255  131  131  132  255  153  153  153  255  179  179  181  255
  240  240  244  255  204  204  204  255  175  165  154  255  203  189  176  255  213  200  187  255  222  209  196  255  229  215  203  255  229  215  203  255  231  220  204  255  231  220  204  255  231  220  204  255  231  220  204  255  231  220  204  255  231  220  204  255  231  220  204  255  229  214  198  255  229  214  198  255  222  209  196  255  207  196  182  255  203  189  176  255  197  182  171  255  190  180  166  255  181  171  156  255  173  162  150  255  162  151  139  255  148  137  124  255  133  124  112  255  113  104   91  255  125  124  122  255  127  128  130  255  142  141  145  255  173  173  174  255
    0    0    0    0  226  225  229  255  173  162  150  255  187  174  163  255  203  189  176  255  213  200  187  255  221  204  189  255  223  211  198  255  229  214  198  255  229  214  198  255  229  214  198  255  229  214  198  255  229  214  198  255  229  214  198  255  222  209  196  255  221  204  189  255  213  200  187  255  207  196  182  255  203  189  176  255  197  186  173  255  190  180  166  255  186  174  160  255  175  165  154  255  166  157  145  255  162  151  139  255  148  137  124  255  124  115  105  255  115  108   99  255  128  127  130  255  128  127  130  255  140  140  142  255  173  173  174  255
    0    0    0    0  240  238  238  255  188  184  178  255  165  154  142  255  190  180  166  255  203  189  176  255  212  196  182  255  213  200  187  255  213  200  187  255  221  204  189  255  221  204  189  255  221  204  189  255  221  204  189  255  221  204  189  255  213  200  187  255  207  196  182  255  203  189  176  255  203  189  176  255  197  182  171  255  197  182  171  255  187  174  163  255  180  168  156  255  171  158  147  255  165  154  142  255  165  154  142  255  148  137  124  255  123  113  100  255  125  124  122  255  127  128  130  255  127  128  130  255  140  140  142  255  173  173  174  255
    0    0    0    0  234  234  239  255  222  222  223  255  157  146  133  255  171  158  147  255  187  174  163  255  197  182  171  255  203  189  176  255  203  189  176  255  207  196  182  255  207  196  182  255  207  196  182  255  207  196  182  255  207  196  182  255  203  189  176  255  203  189  176  255  197  182  171  255  194  180  167  255  194  180  167  255  187  174  163  255  180  168  156  255  173  162  150  255  166  157  145  255  175  165  154  255  175  165  154  255  139  130  116  255  124  115  105  255  131  131  132  255  131  131  132  255  125  125  128  255  142  141  145  255  173  173  174  255
    0    0    0    0  228  228  230  255  234  234  239  255  188  188  190  255  144  133  121  255  171  158  147  255  181  171  156  255  187  174  163  255  192  181  170  255  197  186  173  255  197  186  173  255  197  186  173  255  197  186  173  255  197  186  173  255  192  181  170  255  192  181  170  255  192  181  170  255  187  174  163  255  181  171  156  255  175  165  154  255  173  162  150  255  173  162  150  255  183  174  164  255  197  186  173  255  171  158  147  255  129  118  105  255  128  127  130  255  128  127  130  255  128  127  130  255  128  127  130  255  153  153  153  255  179  179  181  255
    0    0    0    0    0    0    0    0  228  228  230  255  228  228  230  255  167  164  159  255  133  124  112  255  162  151  139  255  173  162  150  255  180  168  156  255  180  168  156  255  180  168  156  255  186  174  160  255  186  174  160  255  186  174  160  255  186  174  160  255  186  174  160  255  181  171  156  255  181  171  156  255  173  162  150  255  171  158  147  255  171  158  147  255  183  174  164  255  207  196  182  255  183  174  164  255  135  128  119  255  130  126  120  255  131  131  132  255  128  127  130  255  128  127  130  255  131  131  132  255  164  164  166  255  184  183  187  255
    0    0    0    0    0    0    0    0    0    0    0    0  226  225  229  255  226  225  229  255  153  153  153  255  124  115  105  255  148  137  124  255  162  151  139  255  165  154  142  255  165  154  142  255  171  158  147  255  173  162  150  255  173  162  150  255  173  162  150  255  173  162  150  255  173  162  150  255  166  157  145  255  166  157  145  255  166  157  145  255  175  165  154  255  190  180  166  255  175  165  154  255  135  128  119  255  135  128  119  255  127  128  130  255  127  128  130  255  127  128  130  255  127  128  130  255  150  146  145  255  179  179  181  255  184  183  187  255
    0    0    0    0    0    0    0    0    0    0    0    0    0    0    0    0  223  223  228  255  223  223  228  255  167  164  159  255  120  109   97  255  129  118  105  255  148  137  124  255  154  142  131  255  157  146  133  255  162  151  139  255  162  151  139  255  162  151  139  255  162  151  139  255  157  146  133  255  157  146  133  255  157  146  133  255  157  146  133  255  157  146  133  255  148  137  124  255  131  121  109  255  132  129  125  255  132  129  125  255  127  128  130  255  127  128  130  255  127  128  130  255  142  141  145  255  173  173  174  255  191  190  195  255  184  183  187  255
    0    0    0    0    0    0    0    0    0    0    0    0    0    0    0    0    0    0    0    0  222  222  223  255  222  222  223  255  191  190  195  255  141  132  120  255  115  108   99  255  124  115  105  255  133  124  112  255  139  130  116  255  144  133  121  255  144  133  121  255  144  133  121  255  144  133  121  255  139  130  116  255  133  124  112  255  129  118  105  255  129  118  105  255  123  123  115  255  131  131  132  255  131  131  132  255  131  131  132  255  131  131  132  255  125  125  128  255  135  134  137  255  167  166  170  255  188  188  190  255    0    0    0    0    0    0    0    0
    0    0    0    0    0    0    0    0    0    0    0    0    0    0    0    0    0    0    0    0    0    0    0    0    0    0    0    0  222  222  223  255  215  214  220  255  185  186  188  255  150  146  145  255  123  123  115  255  120  109   97  255  120  109   97  255  120  109   97  255  120  109   97  255  120  109   97  255  120  109   97  255  124  115  105  255  125  124  122  255  131  131  132  255  131  131  132  255  131  131  132  255  127  128  130  255  127  128  130  255  127  128  130  255  135  134  137  255  164  164  166  255  185  186  188  255  191  190  195  255    0    0    0    0    0    0    0    0
    0    0    0    0    0    0    0    0    0    0    0    0    0    0    0    0    0    0    0    0    0    0    0    0    0    0    0    0    0    0    0    0  214  213  213  255  214  213  213  255  214  213  213  255  204  204  204  255  188  188  190  255  173  173  174  255  153  153  153  255  145  143  142  255  137  135  133  255  137  135  133  255  137  135  133  255  131  131  132  255  127  128  130  255  127  128  130  255  127  128  130  255  131  131  132  255  135  134  137  255  153  153  153  255  167  166  170  255  184  183  187  255    0    0    0    0    0    0    0    0    0    0    0    0    0    0    0    0
    0    0    0    0    0    0    0    0    0    0    0    0    0    0    0    0    0    0    0    0    0    0    0    0    0    0    0    0    0    0    0    0    0    0    0    0    0    0    0    0    0    0    0    0  209  209  212  255  209  209  212  255  209  209  212  255  204  204  204  255  185  186  188  255  173  173  174  255  164  164  166  255  153  153  153  255  150  146  145  255  150  146  145  255  150  146  145  255  150  146  145  255  153  153  153  255  173  173  174  255  184  183  187  255  188  188  190  255  188  188  190  255    0    0    0    0    0    0    0    0    0    0    0    0    0    0    0    0
    0    0    0    0    0    0    0    0    0    0    0    0    0    0    0    0    0    0    0    0    0    0    0    0    0    0    0    0    0    0    0    0    0    0    0    0    0    0    0    0    0    0    0    0    0    0    0    0    0    0    0    0  209  209  212  255  209  209  212  255  204  204  204  255  204  204  204  255  195  195  197  255  191  190  195  255  185  186  188  255  185  186  188  255  185  186  188  255  185  186  188  255  191  190  195  255  191  190  195  255    0    0    0    0    0    0    0    0    0    0    0    0    0    0    0    0    0    0    0    0    0    0    0    0    0    0    0    0
